0	4.6	0.2
6	7.2	0.4
12	8.4	0.4
18	11	0.4
24	13	1	
30	16	1
36	22	1
42	30	1
48	40	2
54	53	2
60	66	2
66	84	4
70	96	4
72	100	4
74	106	4
76	112	4	
78	120	4
80	128	4
82	138	4	
84	148	4	
86	158	4
88	170	10	
90	180	10
92	190	10
94	200	10
96	210	10
98	220	10
100	230	10
102	245	10
104	255	10
106	270	10
108	280	10
110	290	10
112	300	10
114	310	10
116	325	10
118	340	10
120	350	10	
122	355	10
126	380	10
130	400	10
134	420	20
140	440	20
144	460	20
148	470	20
152	480	20
156	490	20
160	490	20
164	490	20
168	490	20
174	490	20
180	470	20
184	450	20
188	440	20
192	420	20
196	400	20
200	370	10
204	350	10
206	335	10
208	325	10	
210	310	10
212	300	10
214	290	10
216	275	10
218	260	10
220	250	10
222	235	10
224	220	10
226	210	10
228	200	10
230	190	10
232	180	10
234	165	10
236	155	10
238	144	4
240	136	4
242	128	4
244	120	4
246	112	4
248	104	4
250	98	4
254	86	4
258	74	2
262	61	2
266	50	2
270	42	2
274	35	1
278	29	1
284	22	1
290	17	1
296	13	1
302	9	0.8			