"Title        "	"Input A"	 		"Title        "	"Input B"	 
"ID           "	1	 		"ID           "	1	 
"Type         "	"Envelope"	 		"Type         "	"Envelope"	 
"Date         "	01/01/95	 		"Date         "	01/01/95	 
"Time         "	19:32:46	 		"Time         "	19:32:46	 
"X Scale      "	2.00E-04	 		"X Scale      "	2.00E-04	 
"X At 0%      "	5.28E-04	 		"X At 0%      "	5.28E-04	 
"X Resolution "	2.500000E+01	 		"X Resolution "	2.500000E+01	 
"X Size       "	300	 		"X Size       "	300	 
"X Unit       "	"s"	 		"X Unit       "	"s"	 
"X Label      "	"200 us/Div"	 		"X Label      "	"200 us/Div"	 
"Y Scale      "	1.00E-01	 		"Y Scale      "	1.00E+00	 
"Y At 50%     "	-4.00E-01	 		"Y At 50%     "	1.68E+00	 
"Y Resolution "	2.500000E+01	 		"Y Resolution "	2.500000E+01	 
"Y Size       "	256	 		"Y Size       "	256	 
"Y Unit       "	"V"	 		"Y Unit       "	"V"	 
"Y Label      "	"mV"	 		"Y Label      "	"V"	 

5.28E-04	-2.8E-02	-1.6E-02		5.28E-04	6.4E-01	7.2E-01
5.36E-04	-2.8E-02	-2.0E-02		5.36E-04	6.0E-01	7.2E-01
5.44E-04	-3.2E-02	-2.0E-02		5.44E-04	6.8E-01	7.6E-01
5.52E-04	-2.8E-02	-2.0E-02		5.52E-04	6.4E-01	7.6E-01
5.60E-04	-3.2E-02	-2.4E-02		5.60E-04	6.4E-01	7.6E-01
5.68E-04	-2.4E-02	-2.0E-02		5.68E-04	6.4E-01	7.6E-01
5.76E-04	-3.2E-02	-2.4E-02		5.76E-04	6.4E-01	7.2E-01
5.84E-04	-2.8E-02	-2.0E-02		5.84E-04	6.0E-01	7.2E-01
5.92E-04	-3.2E-02	-2.4E-02		5.92E-04	5.6E-01	7.2E-01
6.00E-04	-3.2E-02	-2.8E-02		6.00E-04	6.4E-01	7.2E-01
6.08E-04	-3.2E-02	-2.4E-02		6.08E-04	6.8E-01	7.2E-01
6.16E-04	-2.8E-02	-2.0E-02		6.16E-04	5.6E-01	6.8E-01
6.24E-04	-2.8E-02	-2.0E-02		6.24E-04	6.4E-01	7.2E-01
6.32E-04	-3.2E-02	-2.4E-02		6.32E-04	6.0E-01	7.2E-01
6.40E-04	-3.2E-02	-2.4E-02		6.40E-04	6.0E-01	6.8E-01
6.48E-04	-2.8E-02	-2.4E-02		6.48E-04	6.4E-01	7.2E-01
6.56E-04	-3.2E-02	-2.0E-02		6.56E-04	6.4E-01	7.2E-01
6.64E-04	-3.2E-02	-2.4E-02		6.64E-04	6.4E-01	7.2E-01
6.72E-04	-2.4E-02	-2.0E-02		6.72E-04	6.8E-01	7.6E-01
6.80E-04	-2.8E-02	-2.0E-02		6.80E-04	6.0E-01	7.2E-01
6.88E-04	-2.8E-02	-2.4E-02		6.88E-04	6.4E-01	7.6E-01
6.96E-04	-3.6E-02	-2.0E-02		6.96E-04	6.4E-01	7.6E-01
7.04E-04	-3.2E-02	-2.0E-02		7.04E-04	6.4E-01	7.6E-01
7.12E-04	-2.8E-02	-2.0E-02		7.12E-04	6.4E-01	7.2E-01
7.20E-04	-2.8E-02	-2.4E-02		7.20E-04	6.4E-01	7.2E-01
7.28E-04	-2.8E-02	-2.0E-02		7.28E-04	6.8E-01	7.2E-01
7.36E-04	-3.2E-02	-2.0E-02		7.36E-04	6.4E-01	7.6E-01
7.44E-04	-2.8E-02	-1.2E-02		7.44E-04	6.8E-01	8.0E-01
7.52E-04	-3.2E-02	-2.0E-02		7.52E-04	6.4E-01	7.6E-01
7.60E-04	-3.2E-02	-2.4E-02		7.60E-04	6.8E-01	7.2E-01
7.68E-04	-2.8E-02	-2.0E-02		7.68E-04	6.4E-01	6.8E-01
7.76E-04	-2.8E-02	-2.0E-02		7.76E-04	6.4E-01	7.2E-01
7.84E-04	-2.8E-02	-1.6E-02		7.84E-04	6.0E-01	7.6E-01
7.92E-04	-2.8E-02	-2.0E-02		7.92E-04	6.8E-01	7.6E-01
8.00E-04	-3.2E-02	-2.4E-02		8.00E-04	6.8E-01	7.6E-01
8.08E-04	-2.8E-02	-2.0E-02		8.08E-04	6.8E-01	7.6E-01
8.16E-04	-2.8E-02	-2.0E-02		8.16E-04	6.4E-01	7.2E-01
8.24E-04	-3.2E-02	-2.0E-02		8.24E-04	6.8E-01	7.2E-01
8.32E-04	-2.8E-02	-2.0E-02		8.32E-04	6.0E-01	7.2E-01
8.40E-04	-2.4E-02	-1.6E-02		8.40E-04	6.8E-01	7.6E-01
8.48E-04	-2.8E-02	-1.6E-02		8.48E-04	6.4E-01	7.6E-01
8.56E-04	-2.8E-02	-2.0E-02		8.56E-04	6.8E-01	7.6E-01
8.64E-04	-3.6E-02	-2.4E-02		8.64E-04	6.0E-01	7.2E-01
8.72E-04	-2.8E-02	-2.0E-02		8.72E-04	6.4E-01	7.2E-01
8.80E-04	-2.8E-02	-2.0E-02		8.80E-04	6.4E-01	7.2E-01
8.88E-04	-2.8E-02	-1.6E-02		8.88E-04	7.2E-01	7.6E-01
8.96E-04	-3.6E-02	-2.0E-02		8.96E-04	6.0E-01	7.6E-01
9.04E-04	-2.8E-02	-2.4E-02		9.04E-04	6.4E-01	7.2E-01
9.12E-04	-2.8E-02	-2.0E-02		9.12E-04	6.4E-01	7.6E-01
9.20E-04	-2.8E-02	-2.0E-02		9.20E-04	6.8E-01	7.6E-01
9.28E-04	-2.8E-02	-1.6E-02		9.28E-04	6.8E-01	8.0E-01
9.36E-04	-3.2E-02	-2.0E-02		9.36E-04	6.4E-01	7.6E-01
9.44E-04	-3.2E-02	-2.4E-02		9.44E-04	6.8E-01	7.6E-01
9.52E-04	-3.2E-02	-2.4E-02		9.52E-04	6.4E-01	7.2E-01
9.60E-04	-3.2E-02	-1.6E-02		9.60E-04	6.4E-01	7.6E-01
9.68E-04	-3.2E-02	-2.0E-02		9.68E-04	6.4E-01	7.6E-01
9.76E-04	-3.2E-02	-2.4E-02		9.76E-04	6.8E-01	7.6E-01
9.84E-04	-3.2E-02	-2.4E-02		9.84E-04	6.4E-01	7.6E-01
9.92E-04	-3.2E-02	-2.0E-02		9.92E-04	6.8E-01	7.6E-01
1.000E-03	-2.8E-02	-2.0E-02		1.000E-03	6.4E-01	7.6E-01
1.008E-03	-2.8E-02	-2.0E-02		1.008E-03	6.8E-01	7.6E-01
1.016E-03	-3.2E-02	-2.4E-02		1.016E-03	6.4E-01	7.2E-01
1.024E-03	-3.6E-02	-2.8E-02		1.024E-03	6.8E-01	7.6E-01
1.032E-03	-2.8E-02	-2.0E-02		1.032E-03	5.6E-01	7.2E-01
1.040E-03	-3.2E-02	-2.4E-02		1.040E-03	6.4E-01	7.2E-01
1.048E-03	-3.2E-02	-2.4E-02		1.048E-03	6.0E-01	8.0E-01
1.056E-03	-2.8E-02	-2.4E-02		1.056E-03	7.2E-01	8.0E-01
1.064E-03	-3.2E-02	-2.0E-02		1.064E-03	6.0E-01	7.2E-01
1.072E-03	-3.2E-02	-2.4E-02		1.072E-03	6.8E-01	7.6E-01
1.080E-03	-3.2E-02	-2.4E-02		1.080E-03	6.8E-01	7.6E-01
1.088E-03	-2.8E-02	-2.0E-02		1.088E-03	6.8E-01	7.2E-01
1.096E-03	-3.6E-02	-2.4E-02		1.096E-03	6.4E-01	7.2E-01
1.104E-03	-2.8E-02	-2.4E-02		1.104E-03	6.8E-01	7.6E-01
1.112E-03	-3.2E-02	-1.6E-02		1.112E-03	7.2E-01	7.2E-01
1.120E-03	-3.2E-02	-1.6E-02		1.120E-03	6.0E-01	7.6E-01
1.128E-03	-2.8E-02	-2.0E-02		1.128E-03	7.2E-01	8.0E-01
1.136E-03	-3.2E-02	-2.0E-02		1.136E-03	6.8E-01	7.6E-01
1.144E-03	-3.2E-02	-2.4E-02		1.144E-03	7.2E-01	7.6E-01
1.152E-03	-3.2E-02	-2.4E-02		1.152E-03	6.4E-01	7.6E-01
1.160E-03	-3.2E-02	-2.0E-02		1.160E-03	6.8E-01	7.6E-01
1.168E-03	-3.2E-02	-2.0E-02		1.168E-03	6.8E-01	8.0E-01
1.176E-03	-2.8E-02	-2.0E-02		1.176E-03	5.6E-01	7.2E-01
1.184E-03	-3.6E-02	-2.4E-02		1.184E-03	6.8E-01	7.6E-01
1.192E-03	-3.2E-02	-2.4E-02		1.192E-03	6.8E-01	7.2E-01
1.200E-03	-3.2E-02	-2.4E-02		1.200E-03	6.0E-01	7.6E-01
1.208E-03	-3.2E-02	-2.4E-02		1.208E-03	6.4E-01	7.2E-01
1.216E-03	-2.8E-02	-2.0E-02		1.216E-03	6.8E-01	7.6E-01
1.224E-03	-3.2E-02	-2.4E-02		1.224E-03	6.8E-01	7.6E-01
1.232E-03	-2.8E-02	-1.6E-02		1.232E-03	6.0E-01	7.6E-01
1.240E-03	-2.8E-02	-2.0E-02		1.240E-03	6.8E-01	7.6E-01
1.248E-03	-3.2E-02	-2.0E-02		1.248E-03	6.8E-01	7.6E-01
1.256E-03	-3.2E-02	-2.4E-02		1.256E-03	6.8E-01	8.0E-01
1.264E-03	-3.2E-02	-2.0E-02		1.264E-03	6.4E-01	7.2E-01
1.272E-03	-3.2E-02	-2.4E-02		1.272E-03	6.4E-01	7.2E-01
1.280E-03	-2.8E-02	-2.0E-02		1.280E-03	6.4E-01	7.6E-01
1.288E-03	-2.8E-02	-2.0E-02		1.288E-03	6.8E-01	7.6E-01
1.296E-03	-3.2E-02	-2.0E-02		1.296E-03	6.8E-01	8.0E-01
1.304E-03	-2.8E-02	-2.4E-02		1.304E-03	6.8E-01	7.6E-01
1.312E-03	-3.2E-02	-2.0E-02		1.312E-03	6.4E-01	7.2E-01
1.320E-03	-3.2E-02	-2.4E-02		1.320E-03	6.8E-01	7.6E-01
1.328E-03	-2.8E-02	-2.0E-02		1.328E-03	6.4E-01	7.6E-01
1.336E-03	-2.8E-02	-2.4E-02		1.336E-03	6.0E-01	7.6E-01
1.344E-03	-3.6E-02	-2.8E-02		1.344E-03	6.4E-01	7.2E-01
1.352E-03	-4.0E-02	-2.8E-02		1.352E-03	6.4E-01	8.0E-01
1.360E-03	-3.6E-02	-2.8E-02		1.360E-03	6.4E-01	7.6E-01
1.368E-03	-4.0E-02	-3.2E-02		1.368E-03	6.4E-01	8.0E-01
1.376E-03	-4.4E-02	-3.2E-02		1.376E-03	6.4E-01	7.6E-01
1.384E-03	-4.4E-02	-3.6E-02		1.384E-03	6.4E-01	7.6E-01
1.392E-03	-4.8E-02	-4.0E-02		1.392E-03	7.2E-01	8.0E-01
1.400E-03	-4.4E-02	-3.6E-02		1.400E-03	6.8E-01	8.0E-01
1.408E-03	-4.0E-02	-3.6E-02		1.408E-03	6.8E-01	7.2E-01
1.416E-03	-4.8E-02	-4.0E-02		1.416E-03	6.4E-01	7.2E-01
1.424E-03	-5.2E-02	-4.0E-02		1.424E-03	6.8E-01	7.6E-01
1.432E-03	-5.2E-02	-4.8E-02		1.432E-03	6.8E-01	8.0E-01
1.440E-03	-5.2E-02	-4.4E-02		1.440E-03	6.8E-01	8.0E-01
1.448E-03	-6.0E-02	-4.8E-02		1.448E-03	6.4E-01	7.6E-01
1.456E-03	-6.4E-02	-5.2E-02		1.456E-03	6.4E-01	7.6E-01
1.464E-03	-6.0E-02	-4.8E-02		1.464E-03	6.0E-01	7.6E-01
1.472E-03	-7.2E-02	-5.6E-02		1.472E-03	6.8E-01	7.6E-01
1.480E-03	-9.2E-02	-7.6E-02		1.480E-03	6.4E-01	7.6E-01
1.488E-03	-1.00E-01	-8.8E-02		1.488E-03	6.4E-01	7.6E-01
1.496E-03	-8.8E-02	-8.0E-02		1.496E-03	6.8E-01	7.6E-01
1.504E-03	-1.04E-01	-8.8E-02		1.504E-03	7.2E-01	7.6E-01
1.512E-03	-1.16E-01	-1.00E-01		1.512E-03	6.8E-01	7.6E-01
1.520E-03	-1.32E-01	-1.16E-01		1.520E-03	6.8E-01	7.6E-01
1.528E-03	-1.20E-01	-1.12E-01		1.528E-03	6.4E-01	7.2E-01
1.536E-03	-1.40E-01	-1.20E-01		1.536E-03	6.8E-01	7.6E-01
1.544E-03	-1.60E-01	-1.36E-01		1.544E-03	7.2E-01	7.6E-01
1.552E-03	-1.68E-01	-1.56E-01		1.552E-03	6.4E-01	8.0E-01
1.560E-03	-1.56E-01	-1.44E-01		1.560E-03	6.8E-01	8.0E-01
1.568E-03	-1.80E-01	-1.52E-01		1.568E-03	6.8E-01	8.0E-01
1.576E-03	-2.12E-01	-1.76E-01		1.576E-03	6.4E-01	7.2E-01
1.584E-03	-2.20E-01	-2.00E-01		1.584E-03	6.8E-01	7.6E-01
1.592E-03	-2.12E-01	-1.96E-01		1.592E-03	6.8E-01	7.6E-01
1.600E-03	-2.44E-01	-2.08E-01		1.600E-03	6.4E-01	7.6E-01
1.608E-03	-2.72E-01	-2.40E-01		1.608E-03	7.2E-01	7.6E-01
1.616E-03	-2.76E-01	-2.40E-01		1.616E-03	6.8E-01	7.6E-01
1.624E-03	-2.60E-01	-2.40E-01		1.624E-03	6.4E-01	7.2E-01
1.632E-03	-3.00E-01	-2.64E-01		1.632E-03	6.4E-01	7.6E-01
1.640E-03	-3.36E-01	-3.04E-01		1.640E-03	6.8E-01	7.2E-01
1.648E-03	-3.32E-01	-3.04E-01		1.648E-03	6.4E-01	7.6E-01
1.656E-03	-3.36E-01	-3.04E-01		1.656E-03	7.2E-01	7.6E-01
1.664E-03	-3.96E-01	-3.40E-01		1.664E-03	6.4E-01	8.0E-01
1.672E-03	-5.00E-01	-4.04E-01		1.672E-03	6.8E-01	7.6E-01
1.680E-03	-5.04E-01	-4.56E-01		1.680E-03	6.8E-01	7.6E-01
1.688E-03	-4.72E-01	-4.44E-01		1.688E-03	6.4E-01	7.2E-01
1.696E-03	-5.00E-01	-4.72E-01		1.696E-03	6.4E-01	7.6E-01
1.704E-03	-5.20E-01	-5.04E-01		1.704E-03	6.8E-01	7.6E-01
1.712E-03	-5.12E-01	-3.76E-01		1.712E-03	6.4E-01	8.4E-01
1.720E-03	-3.80E-01	-3.48E-01		1.720E-03	6.8E-01	7.6E-01
1.728E-03	-3.48E-01	-3.40E-01		1.728E-03	6.8E-01	7.6E-01
1.736E-03	-3.68E-01	-3.48E-01		1.736E-03	6.0E-01	7.6E-01
1.744E-03	-3.60E-01	-2.92E-01		1.744E-03	6.4E-01	7.2E-01
1.752E-03	-2.92E-01	-2.76E-01		1.752E-03	6.8E-01	7.6E-01
1.760E-03	-3.16E-01	-2.92E-01		1.760E-03	6.8E-01	8.0E-01
1.768E-03	-3.36E-01	-3.08E-01		1.768E-03	6.8E-01	7.6E-01
1.776E-03	-3.36E-01	-2.76E-01		1.776E-03	6.8E-01	7.6E-01
1.784E-03	-2.72E-01	-2.52E-01		1.784E-03	6.4E-01	8.0E-01
1.792E-03	-2.64E-01	-2.52E-01		1.792E-03	6.8E-01	8.0E-01
1.800E-03	-2.60E-01	-2.48E-01		1.800E-03	6.4E-01	7.6E-01
1.808E-03	-2.60E-01	-1.92E-01		1.808E-03	6.8E-01	7.6E-01
1.816E-03	-1.92E-01	-1.64E-01		1.816E-03	6.4E-01	7.6E-01
1.824E-03	-1.76E-01	-1.68E-01		1.824E-03	6.8E-01	8.0E-01
1.832E-03	-1.76E-01	-1.68E-01		1.832E-03	6.4E-01	7.6E-01
1.840E-03	-1.84E-01	-1.60E-01		1.840E-03	6.4E-01	7.2E-01
1.848E-03	-1.56E-01	-1.28E-01		1.848E-03	6.4E-01	7.6E-01
1.856E-03	-1.28E-01	-1.16E-01		1.856E-03	6.4E-01	7.2E-01
1.864E-03	-1.20E-01	-1.12E-01		1.864E-03	6.4E-01	7.6E-01
1.872E-03	-1.16E-01	-1.04E-01		1.872E-03	6.8E-01	7.6E-01
1.880E-03	-1.00E-01	-8.0E-02		1.880E-03	6.8E-01	8.4E-01
1.888E-03	-9.2E-02	-7.6E-02		1.888E-03	7.2E-01	7.6E-01
1.896E-03	-8.8E-02	-8.0E-02		1.896E-03	6.8E-01	7.6E-01
1.904E-03	-8.8E-02	-7.6E-02		1.904E-03	7.2E-01	8.0E-01
1.912E-03	-8.4E-02	-6.4E-02		1.912E-03	6.8E-01	7.6E-01
1.920E-03	-6.8E-02	-5.6E-02		1.920E-03	6.8E-01	7.2E-01
1.928E-03	-6.8E-02	-6.0E-02		1.928E-03	6.8E-01	7.6E-01
1.936E-03	-6.4E-02	-5.6E-02		1.936E-03	6.8E-01	8.0E-01
1.944E-03	-6.4E-02	-4.8E-02		1.944E-03	6.8E-01	7.6E-01
1.952E-03	-5.2E-02	-4.4E-02		1.952E-03	6.8E-01	8.0E-01
1.960E-03	-5.2E-02	-4.4E-02		1.960E-03	6.8E-01	7.6E-01
1.968E-03	-5.2E-02	-4.4E-02		1.968E-03	6.8E-01	7.6E-01
1.976E-03	-5.2E-02	-4.4E-02		1.976E-03	6.8E-01	8.0E-01
1.984E-03	-4.8E-02	-3.6E-02		1.984E-03	6.8E-01	7.6E-01
1.992E-03	-4.4E-02	-3.6E-02		1.992E-03	6.8E-01	7.6E-01
2.000E-03	-4.4E-02	-3.6E-02		2.000E-03	6.4E-01	8.0E-01
2.008E-03	-4.4E-02	-3.6E-02		2.008E-03	6.8E-01	7.6E-01
2.016E-03	-4.4E-02	-3.2E-02		2.016E-03	7.2E-01	8.0E-01
2.024E-03	-4.0E-02	-3.6E-02		2.024E-03	7.2E-01	7.6E-01
2.032E-03	-4.4E-02	-3.2E-02		2.032E-03	6.4E-01	7.2E-01
2.040E-03	-4.0E-02	-3.6E-02		2.040E-03	7.2E-01	7.6E-01
2.048E-03	-4.0E-02	-3.6E-02		2.048E-03	6.4E-01	7.6E-01
2.056E-03	-4.4E-02	-3.6E-02		2.056E-03	7.2E-01	8.0E-01
2.064E-03	-3.6E-02	-2.8E-02		2.064E-03	6.8E-01	7.6E-01
2.072E-03	-4.0E-02	-3.2E-02		2.072E-03	7.2E-01	7.6E-01
2.080E-03	-4.0E-02	-3.2E-02		2.080E-03	6.8E-01	8.0E-01
2.088E-03	-4.0E-02	-3.2E-02		2.088E-03	7.2E-01	8.0E-01
2.096E-03	-4.0E-02	-3.2E-02		2.096E-03	6.4E-01	8.0E-01
2.104E-03	-3.6E-02	-2.8E-02		2.104E-03	6.8E-01	8.0E-01
2.112E-03	-4.0E-02	-3.2E-02		2.112E-03	6.4E-01	7.6E-01
2.120E-03	-3.6E-02	-2.8E-02		2.120E-03	6.8E-01	7.6E-01
2.128E-03	-4.0E-02	-3.2E-02		2.128E-03	6.4E-01	7.6E-01
2.136E-03	-3.6E-02	-2.4E-02		2.136E-03	6.8E-01	8.0E-01
2.144E-03	-3.6E-02	-2.8E-02		2.144E-03	7.2E-01	8.0E-01
2.152E-03	-2.8E-02	-2.4E-02		2.152E-03	6.8E-01	7.6E-01
2.160E-03	-4.0E-02	-2.8E-02		2.160E-03	7.2E-01	7.6E-01
2.168E-03	-3.2E-02	-2.4E-02		2.168E-03	7.2E-01	8.0E-01
2.176E-03	-3.2E-02	-2.8E-02		2.176E-03	7.2E-01	8.0E-01
2.184E-03	-3.6E-02	-2.4E-02		2.184E-03	7.2E-01	7.6E-01
2.192E-03	-3.6E-02	-2.8E-02		2.192E-03	7.2E-01	8.0E-01
2.200E-03	-3.6E-02	-2.4E-02		2.200E-03	6.8E-01	8.0E-01
2.208E-03	-3.2E-02	-2.8E-02		2.208E-03	7.2E-01	8.0E-01
2.216E-03	-3.6E-02	-2.4E-02		2.216E-03	6.8E-01	8.0E-01
2.224E-03	-3.6E-02	-2.8E-02		2.224E-03	7.6E-01	8.0E-01
2.232E-03	-3.2E-02	-2.4E-02		2.232E-03	7.2E-01	8.0E-01
2.240E-03	-3.2E-02	-2.4E-02		2.240E-03	7.6E-01	8.0E-01
2.248E-03	-3.6E-02	-2.8E-02		2.248E-03	6.8E-01	7.6E-01
2.256E-03	-3.2E-02	-2.4E-02		2.256E-03	6.8E-01	7.6E-01
2.264E-03	-3.6E-02	-2.4E-02		2.264E-03	6.8E-01	7.6E-01
2.272E-03	-3.2E-02	-2.4E-02		2.272E-03	7.2E-01	8.0E-01
2.280E-03	-3.6E-02	-2.4E-02		2.280E-03	6.8E-01	8.0E-01
2.288E-03	-3.6E-02	-2.8E-02		2.288E-03	6.4E-01	7.6E-01
2.296E-03	-3.6E-02	-2.8E-02		2.296E-03	6.8E-01	7.6E-01
2.304E-03	-3.2E-02	-2.4E-02		2.304E-03	6.8E-01	8.0E-01
2.312E-03	-2.8E-02	-1.6E-02		2.312E-03	6.8E-01	7.2E-01
2.320E-03	-2.8E-02	-2.0E-02		2.320E-03	6.8E-01	7.6E-01
2.328E-03	-2.8E-02	-2.0E-02		2.328E-03	6.8E-01	7.6E-01
2.336E-03	-3.2E-02	-2.4E-02		2.336E-03	6.8E-01	8.4E-01
2.344E-03	-3.6E-02	-2.4E-02		2.344E-03	6.8E-01	8.0E-01
2.352E-03	-2.8E-02	-2.0E-02		2.352E-03	6.4E-01	8.0E-01
2.360E-03	-3.2E-02	-2.0E-02		2.360E-03	6.8E-01	7.6E-01
2.368E-03	-3.2E-02	-2.4E-02		2.368E-03	6.8E-01	8.0E-01
2.376E-03	-3.2E-02	-2.0E-02		2.376E-03	6.8E-01	8.0E-01
2.384E-03	-3.2E-02	-2.0E-02		2.384E-03	6.4E-01	8.0E-01
2.392E-03	-2.8E-02	-2.4E-02		2.392E-03	7.6E-01	8.0E-01
2.400E-03	-3.2E-02	-2.0E-02		2.400E-03	6.4E-01	7.6E-01
2.408E-03	-3.2E-02	-2.4E-02		2.408E-03	6.8E-01	7.6E-01
2.416E-03	-3.2E-02	-2.0E-02		2.416E-03	7.6E-01	8.4E-01
2.424E-03	-3.2E-02	-2.0E-02		2.424E-03	7.2E-01	8.0E-01
2.432E-03	-3.2E-02	-2.4E-02		2.432E-03	7.6E-01	8.4E-01
2.440E-03	-3.6E-02	-2.8E-02		2.440E-03	7.2E-01	8.0E-01
2.448E-03	-2.8E-02	-2.0E-02		2.448E-03	6.8E-01	8.0E-01
2.456E-03	-2.8E-02	-1.6E-02		2.456E-03	7.2E-01	8.4E-01
2.464E-03	-3.6E-02	-2.4E-02		2.464E-03	6.4E-01	8.0E-01
2.472E-03	-3.2E-02	-2.4E-02		2.472E-03	7.2E-01	8.0E-01
2.480E-03	-3.6E-02	-2.8E-02		2.480E-03	7.2E-01	8.4E-01
2.488E-03	-3.2E-02	-2.4E-02		2.488E-03	7.2E-01	8.0E-01
2.496E-03	-3.2E-02	-2.8E-02		2.496E-03	7.2E-01	8.0E-01
2.504E-03	-3.2E-02	-2.4E-02		2.504E-03	7.2E-01	8.0E-01
2.512E-03	-3.6E-02	-2.4E-02		2.512E-03	6.8E-01	8.0E-01
2.520E-03	-3.2E-02	-2.4E-02		2.520E-03	6.8E-01	7.6E-01
2.528E-03	-3.6E-02	-2.4E-02		2.528E-03	7.2E-01	8.0E-01
2.536E-03	-3.6E-02	-2.0E-02		2.536E-03	6.4E-01	7.6E-01
2.544E-03	-3.2E-02	-2.4E-02		2.544E-03	7.2E-01	8.0E-01
2.552E-03	-3.2E-02	-2.4E-02		2.552E-03	7.2E-01	7.6E-01
2.560E-03	-3.2E-02	-2.4E-02		2.560E-03	7.2E-01	8.0E-01
2.568E-03	-2.8E-02	-2.4E-02		2.568E-03	7.2E-01	8.0E-01
2.576E-03	-3.2E-02	-2.4E-02		2.576E-03	7.2E-01	8.0E-01
2.584E-03	-3.2E-02	-2.4E-02		2.584E-03	7.2E-01	7.6E-01
2.592E-03	-2.8E-02	-2.0E-02		2.592E-03	7.2E-01	8.0E-01
2.600E-03	-3.2E-02	-2.4E-02		2.600E-03	6.4E-01	7.6E-01
2.608E-03	-3.2E-02	-2.0E-02		2.608E-03	6.8E-01	7.6E-01
2.616E-03	-3.2E-02	-2.4E-02		2.616E-03	7.2E-01	8.4E-01
2.624E-03	-3.6E-02	-2.4E-02		2.624E-03	6.8E-01	7.6E-01
2.632E-03	-3.2E-02	-2.0E-02		2.632E-03	6.8E-01	7.6E-01
2.640E-03	-3.2E-02	-2.0E-02		2.640E-03	7.2E-01	8.0E-01
2.648E-03	-3.2E-02	-2.0E-02		2.648E-03	7.2E-01	8.0E-01
2.656E-03	-2.8E-02	-2.0E-02		2.656E-03	6.8E-01	8.0E-01
2.664E-03	-3.2E-02	-2.0E-02		2.664E-03	7.2E-01	8.0E-01
2.672E-03	-2.8E-02	-2.4E-02		2.672E-03	7.2E-01	8.0E-01
2.680E-03	-3.2E-02	-2.4E-02		2.680E-03	6.4E-01	7.6E-01
2.688E-03	-3.2E-02	-2.4E-02		2.688E-03	6.8E-01	7.6E-01
2.696E-03	-3.2E-02	-2.4E-02		2.696E-03	6.8E-01	8.0E-01
2.704E-03	-3.2E-02	-2.4E-02		2.704E-03	6.4E-01	8.0E-01
2.712E-03	-2.8E-02	-2.0E-02		2.712E-03	6.8E-01	7.6E-01
2.720E-03	-3.2E-02	-2.4E-02		2.720E-03	6.4E-01	7.6E-01
2.728E-03	-3.2E-02	-2.0E-02		2.728E-03	6.8E-01	8.0E-01
2.736E-03	-2.8E-02	-2.0E-02		2.736E-03	7.2E-01	8.0E-01
2.744E-03	-3.2E-02	-2.4E-02		2.744E-03	7.6E-01	8.0E-01
2.752E-03	-2.8E-02	-2.4E-02		2.752E-03	6.8E-01	8.0E-01
2.760E-03	-3.2E-02	-2.4E-02		2.760E-03	6.8E-01	8.0E-01
2.768E-03	-3.2E-02	-2.4E-02		2.768E-03	7.2E-01	8.0E-01
2.776E-03	-3.6E-02	-2.4E-02		2.776E-03	6.8E-01	7.6E-01
2.784E-03	-2.8E-02	-2.0E-02		2.784E-03	7.2E-01	8.0E-01
2.792E-03	-3.2E-02	-2.4E-02		2.792E-03	7.2E-01	8.0E-01
2.800E-03	-3.2E-02	-2.0E-02		2.800E-03	6.4E-01	7.6E-01
2.808E-03	-3.2E-02	-2.0E-02		2.808E-03	6.8E-01	7.6E-01
2.816E-03	-3.2E-02	-2.4E-02		2.816E-03	7.2E-01	8.4E-01
2.824E-03	-3.2E-02	-2.0E-02		2.824E-03	7.2E-01	8.0E-01
2.832E-03	-3.2E-02	-2.4E-02		2.832E-03	6.4E-01	7.2E-01
2.840E-03	-3.6E-02	-2.4E-02		2.840E-03	7.2E-01	8.4E-01
2.848E-03	-2.8E-02	-2.4E-02		2.848E-03	7.2E-01	8.4E-01
2.856E-03	-3.6E-02	-2.4E-02		2.856E-03	6.8E-01	8.0E-01
2.864E-03	-3.2E-02	-2.4E-02		2.864E-03	6.8E-01	8.0E-01
2.872E-03	-3.6E-02	-2.8E-02		2.872E-03	7.2E-01	8.0E-01
2.880E-03	-3.2E-02	-2.4E-02		2.880E-03	6.8E-01	8.0E-01
2.888E-03	-2.8E-02	-2.0E-02		2.888E-03	7.6E-01	8.4E-01
2.896E-03	-3.2E-02	-2.4E-02		2.896E-03	6.8E-01	8.4E-01
2.904E-03	-3.2E-02	-1.6E-02		2.904E-03	6.8E-01	8.0E-01
2.912E-03	-2.8E-02	-2.0E-02		2.912E-03	6.8E-01	7.6E-01
2.920E-03	-2.8E-02	-2.0E-02		2.920E-03	6.4E-01	8.0E-01
