"Title        "	"Input A"	 		"Title        "	"Input B"	 
"ID           "	1	 		"ID           "	1	 
"Type         "	"Envelope"	 		"Type         "	"Envelope"	 
"Date         "	01/01/95	 		"Date         "	01/01/95	 
"Time         "	21:55:52	 		"Time         "	21:55:52	 
"X Scale      "	1.00E-04	 		"X Scale      "	1.00E-04	 
"X At 0%      "	9.28E-04	 		"X At 0%      "	9.28E-04	 
"X Resolution "	2.500000E+01	 		"X Resolution "	2.500000E+01	 
"X Size       "	300	 		"X Size       "	300	 
"X Unit       "	"s"	 		"X Unit       "	"s"	 
"X Label      "	"100 us/Div"	 		"X Label      "	"100 us/Div"	 
"Y Scale      "	1.00E-01	 		"Y Scale      "	1.00E+00	 
"Y At 50%     "	-4.00E-01	 		"Y At 50%     "	1.68E+00	 
"Y Resolution "	2.500000E+01	 		"Y Resolution "	2.500000E+01	 
"Y Size       "	256	 		"Y Size       "	256	 
"Y Unit       "	"V"	 		"Y Unit       "	"V"	 
"Y Label      "	"mV"	 		"Y Label      "	"V"	 

9.28E-04	-3.2E-02	-2.4E-02		9.28E-04	6.4E-01	6.8E-01
9.32E-04	-2.4E-02	-2.0E-02		9.32E-04	6.8E-01	7.2E-01
9.36E-04	-2.8E-02	-2.0E-02		9.36E-04	6.4E-01	7.2E-01
9.40E-04	-2.0E-02	-2.0E-02		9.40E-04	6.8E-01	7.2E-01
9.44E-04	-2.4E-02	-2.0E-02		9.44E-04	6.8E-01	7.2E-01
9.48E-04	-2.8E-02	-2.0E-02		9.48E-04	6.0E-01	6.8E-01
9.52E-04	-2.8E-02	-2.0E-02		9.52E-04	6.0E-01	7.2E-01
9.56E-04	-2.8E-02	-2.0E-02		9.56E-04	6.4E-01	6.8E-01
9.60E-04	-3.2E-02	-2.4E-02		9.60E-04	6.0E-01	7.2E-01
9.64E-04	-2.8E-02	-2.4E-02		9.64E-04	6.0E-01	7.6E-01
9.68E-04	-3.2E-02	-2.8E-02		9.68E-04	5.6E-01	7.2E-01
9.72E-04	-2.8E-02	-2.0E-02		9.72E-04	6.8E-01	7.6E-01
9.76E-04	-2.8E-02	-2.4E-02		9.76E-04	6.4E-01	6.8E-01
9.80E-04	-3.2E-02	-2.8E-02		9.80E-04	6.0E-01	6.4E-01
9.84E-04	-3.2E-02	-2.8E-02		9.84E-04	6.4E-01	7.2E-01
9.88E-04	-2.8E-02	-2.4E-02		9.88E-04	6.4E-01	7.2E-01
9.92E-04	-2.8E-02	-2.4E-02		9.92E-04	6.0E-01	6.8E-01
9.96E-04	-2.4E-02	-2.0E-02		9.96E-04	6.4E-01	7.2E-01
9.996E-04	-2.8E-02	-2.0E-02		9.996E-04	6.0E-01	6.8E-01
1.004E-03	-2.8E-02	-2.0E-02		1.004E-03	6.0E-01	6.8E-01
1.008E-03	-2.8E-02	-2.0E-02		1.008E-03	6.4E-01	7.2E-01
1.012E-03	-3.6E-02	-2.4E-02		1.012E-03	6.4E-01	6.8E-01
1.016E-03	-3.6E-02	-2.4E-02		1.016E-03	6.0E-01	6.8E-01
1.020E-03	-3.2E-02	-2.8E-02		1.020E-03	6.8E-01	6.8E-01
1.024E-03	-3.2E-02	-2.8E-02		1.024E-03	6.0E-01	6.4E-01
1.028E-03	-3.2E-02	-2.8E-02		1.028E-03	5.6E-01	6.8E-01
1.032E-03	-3.6E-02	-2.8E-02		1.032E-03	6.4E-01	7.2E-01
1.036E-03	-3.2E-02	-2.8E-02		1.036E-03	6.0E-01	6.8E-01
1.040E-03	-3.2E-02	-2.4E-02		1.040E-03	6.4E-01	6.8E-01
1.044E-03	-3.2E-02	-2.4E-02		1.044E-03	6.0E-01	7.2E-01
1.048E-03	-3.2E-02	-2.8E-02		1.048E-03	6.4E-01	6.8E-01
1.052E-03	-3.2E-02	-2.4E-02		1.052E-03	6.4E-01	7.2E-01
1.056E-03	-3.6E-02	-2.4E-02		1.056E-03	5.6E-01	6.8E-01
1.060E-03	-3.2E-02	-2.4E-02		1.060E-03	5.6E-01	7.2E-01
1.064E-03	-2.8E-02	-2.4E-02		1.064E-03	6.4E-01	6.8E-01
1.068E-03	-3.2E-02	-2.4E-02		1.068E-03	6.4E-01	6.8E-01
1.072E-03	-3.6E-02	-2.8E-02		1.072E-03	6.4E-01	6.8E-01
1.076E-03	-3.6E-02	-2.8E-02		1.076E-03	6.4E-01	7.2E-01
1.080E-03	-4.0E-02	-3.2E-02		1.080E-03	6.0E-01	6.8E-01
1.084E-03	-3.6E-02	-2.8E-02		1.084E-03	6.4E-01	7.2E-01
1.088E-03	-3.6E-02	-2.8E-02		1.088E-03	6.4E-01	6.8E-01
1.092E-03	-4.0E-02	-3.2E-02		1.092E-03	6.0E-01	6.8E-01
1.096E-03	-4.0E-02	-3.2E-02		1.096E-03	6.4E-01	7.2E-01
1.100E-03	-4.0E-02	-3.2E-02		1.100E-03	6.0E-01	6.8E-01
1.104E-03	-3.6E-02	-2.8E-02		1.104E-03	6.0E-01	6.8E-01
1.108E-03	-4.0E-02	-3.2E-02		1.108E-03	5.6E-01	6.8E-01
1.112E-03	-3.6E-02	-3.2E-02		1.112E-03	6.4E-01	6.8E-01
1.116E-03	-4.0E-02	-3.2E-02		1.116E-03	5.6E-01	6.8E-01
1.120E-03	-3.2E-02	-2.4E-02		1.120E-03	6.4E-01	6.8E-01
1.124E-03	-3.6E-02	-3.2E-02		1.124E-03	4.8E-01	6.8E-01
1.128E-03	-3.6E-02	-2.8E-02		1.128E-03	6.4E-01	7.2E-01
1.132E-03	-3.2E-02	-2.8E-02		1.132E-03	6.4E-01	6.8E-01
1.136E-03	-4.0E-02	-3.2E-02		1.136E-03	6.4E-01	7.2E-01
1.140E-03	-4.4E-02	-3.6E-02		1.140E-03	6.0E-01	7.2E-01
1.144E-03	-4.0E-02	-3.2E-02		1.144E-03	6.4E-01	6.8E-01
1.148E-03	-3.6E-02	-3.2E-02		1.148E-03	6.0E-01	6.8E-01
1.152E-03	-4.0E-02	-3.6E-02		1.152E-03	6.0E-01	7.2E-01
1.156E-03	-4.0E-02	-3.6E-02		1.156E-03	6.4E-01	6.8E-01
1.160E-03	-4.0E-02	-2.8E-02		1.160E-03	6.8E-01	7.2E-01
1.164E-03	-3.6E-02	-3.2E-02		1.164E-03	6.0E-01	6.8E-01
1.168E-03	-4.8E-02	-3.6E-02		1.168E-03	6.8E-01	7.6E-01
1.172E-03	-4.4E-02	-3.6E-02		1.172E-03	6.4E-01	6.8E-01
1.176E-03	-4.4E-02	-3.6E-02		1.176E-03	6.0E-01	6.8E-01
1.180E-03	-4.0E-02	-3.6E-02		1.180E-03	6.4E-01	6.8E-01
1.184E-03	-4.4E-02	-4.0E-02		1.184E-03	5.6E-01	7.2E-01
1.188E-03	-4.0E-02	-3.6E-02		1.188E-03	6.8E-01	7.2E-01
1.192E-03	-5.2E-02	-4.0E-02		1.192E-03	6.8E-01	7.6E-01
1.196E-03	-4.8E-02	-4.4E-02		1.196E-03	6.4E-01	6.8E-01
1.200E-03	-5.2E-02	-4.0E-02		1.200E-03	6.0E-01	7.6E-01
1.204E-03	-5.2E-02	-4.4E-02		1.204E-03	6.4E-01	7.2E-01
1.208E-03	-5.2E-02	-4.8E-02		1.208E-03	6.4E-01	7.6E-01
1.212E-03	-6.0E-02	-5.2E-02		1.212E-03	6.4E-01	6.8E-01
1.216E-03	-5.6E-02	-4.8E-02		1.216E-03	6.0E-01	6.0E-01
1.220E-03	-5.6E-02	-4.8E-02		1.220E-03	6.4E-01	7.2E-01
1.224E-03	-5.6E-02	-5.2E-02		1.224E-03	6.0E-01	6.8E-01
1.228E-03	-5.2E-02	-4.4E-02		1.228E-03	6.0E-01	6.8E-01
1.232E-03	-5.6E-02	-4.8E-02		1.232E-03	6.0E-01	7.2E-01
1.236E-03	-6.4E-02	-5.6E-02		1.236E-03	6.0E-01	7.2E-01
1.240E-03	-6.4E-02	-5.6E-02		1.240E-03	6.4E-01	6.8E-01
1.244E-03	-6.0E-02	-5.2E-02		1.244E-03	6.0E-01	6.8E-01
1.248E-03	-7.2E-02	-6.0E-02		1.248E-03	6.4E-01	6.8E-01
1.252E-03	-7.2E-02	-6.8E-02		1.252E-03	6.0E-01	6.8E-01
1.256E-03	-7.6E-02	-6.8E-02		1.256E-03	6.0E-01	7.2E-01
1.260E-03	-9.6E-02	-8.0E-02		1.260E-03	5.6E-01	6.8E-01
1.264E-03	-9.6E-02	-9.2E-02		1.264E-03	6.4E-01	6.8E-01
1.268E-03	-9.2E-02	-8.4E-02		1.268E-03	6.4E-01	7.2E-01
1.272E-03	-9.6E-02	-8.0E-02		1.272E-03	6.4E-01	7.2E-01
1.276E-03	-1.00E-01	-9.2E-02		1.276E-03	6.0E-01	6.8E-01
1.280E-03	-1.00E-01	-9.2E-02		1.280E-03	6.8E-01	7.6E-01
1.284E-03	-9.6E-02	-9.2E-02		1.284E-03	6.4E-01	6.8E-01
1.288E-03	-1.12E-01	-1.00E-01		1.288E-03	6.4E-01	7.2E-01
1.292E-03	-1.20E-01	-1.08E-01		1.292E-03	6.4E-01	7.2E-01
1.296E-03	-1.08E-01	-1.04E-01		1.296E-03	6.8E-01	7.2E-01
1.300E-03	-1.16E-01	-1.00E-01		1.300E-03	6.4E-01	6.8E-01
1.304E-03	-1.28E-01	-1.16E-01		1.304E-03	6.0E-01	6.8E-01
1.308E-03	-1.28E-01	-1.12E-01		1.308E-03	6.0E-01	6.8E-01
1.312E-03	-1.20E-01	-1.08E-01		1.312E-03	6.0E-01	6.8E-01
1.316E-03	-1.40E-01	-1.20E-01		1.316E-03	6.4E-01	6.8E-01
1.320E-03	-1.40E-01	-1.32E-01		1.320E-03	6.0E-01	6.8E-01
1.324E-03	-1.32E-01	-1.24E-01		1.324E-03	6.4E-01	7.2E-01
1.328E-03	-1.44E-01	-1.32E-01		1.328E-03	6.0E-01	6.8E-01
1.332E-03	-1.52E-01	-1.44E-01		1.332E-03	6.4E-01	7.2E-01
1.336E-03	-1.52E-01	-1.40E-01		1.336E-03	6.4E-01	7.6E-01
1.340E-03	-1.52E-01	-1.44E-01		1.340E-03	6.0E-01	6.8E-01
1.344E-03	-1.76E-01	-1.56E-01		1.344E-03	6.4E-01	6.8E-01
1.348E-03	-1.80E-01	-1.68E-01		1.348E-03	6.4E-01	8.0E-01
1.352E-03	-1.68E-01	-1.60E-01		1.352E-03	6.4E-01	6.8E-01
1.356E-03	-1.72E-01	-1.52E-01		1.356E-03	6.4E-01	7.2E-01
1.360E-03	-1.84E-01	-1.68E-01		1.360E-03	6.0E-01	7.2E-01
1.364E-03	-1.76E-01	-1.68E-01		1.364E-03	6.0E-01	6.8E-01
1.368E-03	-1.76E-01	-1.64E-01		1.368E-03	5.6E-01	6.4E-01
1.372E-03	-2.04E-01	-1.80E-01		1.372E-03	6.4E-01	7.2E-01
1.376E-03	-2.08E-01	-1.92E-01		1.376E-03	6.4E-01	7.2E-01
1.380E-03	-2.00E-01	-1.96E-01		1.380E-03	6.4E-01	6.8E-01
1.384E-03	-2.36E-01	-2.00E-01		1.384E-03	6.0E-01	6.4E-01
1.388E-03	-2.56E-01	-2.36E-01		1.388E-03	6.4E-01	6.8E-01
1.392E-03	-2.44E-01	-2.24E-01		1.392E-03	6.4E-01	7.2E-01
1.396E-03	-2.40E-01	-2.24E-01		1.396E-03	6.8E-01	7.2E-01
1.400E-03	-2.76E-01	-2.44E-01		1.400E-03	6.0E-01	7.2E-01
1.404E-03	-2.76E-01	-2.44E-01		1.404E-03	6.4E-01	6.8E-01
1.408E-03	-2.56E-01	-2.44E-01		1.408E-03	6.4E-01	6.8E-01
1.412E-03	-3.00E-01	-2.64E-01		1.412E-03	6.0E-01	7.2E-01
1.416E-03	-3.12E-01	-2.88E-01		1.416E-03	5.6E-01	6.8E-01
1.420E-03	-2.88E-01	-2.76E-01		1.420E-03	6.4E-01	7.2E-01
1.424E-03	-3.12E-01	-2.76E-01		1.424E-03	6.4E-01	7.2E-01
1.428E-03	-3.48E-01	-3.24E-01		1.428E-03	6.0E-01	6.8E-01
1.432E-03	-3.32E-01	-3.04E-01		1.432E-03	6.4E-01	7.2E-01
1.436E-03	-3.28E-01	-3.04E-01		1.436E-03	6.0E-01	6.8E-01
1.440E-03	-3.76E-01	-3.36E-01		1.440E-03	6.4E-01	6.8E-01
1.444E-03	-3.76E-01	-3.48E-01		1.444E-03	6.4E-01	7.2E-01
1.448E-03	-3.52E-01	-3.32E-01		1.448E-03	6.4E-01	7.2E-01
1.452E-03	-4.08E-01	-3.52E-01		1.452E-03	6.4E-01	7.2E-01
1.456E-03	-4.44E-01	-4.16E-01		1.456E-03	6.8E-01	7.6E-01
1.460E-03	-4.08E-01	-3.92E-01		1.460E-03	6.0E-01	6.8E-01
1.464E-03	-4.24E-01	-3.88E-01		1.464E-03	6.4E-01	7.2E-01
1.468E-03	-4.92E-01	-4.28E-01		1.468E-03	6.4E-01	7.2E-01
1.472E-03	-4.92E-01	-4.36E-01		1.472E-03	6.4E-01	7.2E-01
1.476E-03	-4.28E-01	-4.20E-01		1.476E-03	6.8E-01	7.2E-01
1.480E-03	-4.76E-01	-4.24E-01		1.480E-03	6.0E-01	6.8E-01
1.484E-03	-4.88E-01	-4.48E-01		1.484E-03	6.4E-01	7.2E-01
1.488E-03	-4.32E-01	-3.92E-01		1.488E-03	6.4E-01	6.8E-01
1.492E-03	-4.16E-01	-3.96E-01		1.492E-03	5.6E-01	6.8E-01
1.496E-03	-4.48E-01	-4.20E-01		1.496E-03	6.4E-01	7.2E-01
1.500E-03	-4.28E-01	-3.72E-01		1.500E-03	6.8E-01	7.6E-01
1.504E-03	-3.64E-01	-3.56E-01		1.504E-03	6.4E-01	6.8E-01
1.508E-03	-3.84E-01	-3.56E-01		1.508E-03	6.4E-01	7.6E-01
1.512E-03	-3.92E-01	-3.36E-01		1.512E-03	6.0E-01	7.2E-01
1.516E-03	-3.24E-01	-2.96E-01		1.516E-03	6.4E-01	7.2E-01
1.520E-03	-3.08E-01	-2.92E-01		1.520E-03	6.4E-01	7.2E-01
1.524E-03	-3.24E-01	-3.04E-01		1.524E-03	6.4E-01	7.6E-01
1.528E-03	-3.08E-01	-2.68E-01		1.528E-03	6.4E-01	7.2E-01
1.532E-03	-2.68E-01	-2.60E-01		1.532E-03	6.8E-01	7.2E-01
1.536E-03	-2.96E-01	-2.72E-01		1.536E-03	6.4E-01	6.8E-01
1.540E-03	-2.88E-01	-2.48E-01		1.540E-03	6.0E-01	7.2E-01
1.544E-03	-2.44E-01	-2.32E-01		1.544E-03	6.4E-01	6.8E-01
1.548E-03	-2.48E-01	-2.28E-01		1.548E-03	6.4E-01	7.2E-01
1.552E-03	-2.52E-01	-2.32E-01		1.552E-03	6.4E-01	7.2E-01
1.556E-03	-2.32E-01	-2.08E-01		1.556E-03	6.0E-01	6.8E-01
1.560E-03	-2.24E-01	-2.08E-01		1.560E-03	6.8E-01	7.6E-01
1.564E-03	-2.32E-01	-2.24E-01		1.564E-03	6.8E-01	7.6E-01
1.568E-03	-2.24E-01	-1.92E-01		1.568E-03	6.4E-01	7.6E-01
1.572E-03	-1.96E-01	-1.92E-01		1.572E-03	6.0E-01	7.2E-01
1.576E-03	-2.08E-01	-1.92E-01		1.576E-03	6.4E-01	6.8E-01
1.580E-03	-2.16E-01	-1.88E-01		1.580E-03	6.0E-01	6.8E-01
1.584E-03	-1.76E-01	-1.64E-01		1.584E-03	6.4E-01	7.2E-01
1.588E-03	-1.84E-01	-1.72E-01		1.588E-03	6.4E-01	7.2E-01
1.592E-03	-1.88E-01	-1.80E-01		1.592E-03	6.4E-01	7.2E-01
1.596E-03	-1.72E-01	-1.52E-01		1.596E-03	6.8E-01	7.2E-01
1.600E-03	-1.56E-01	-1.52E-01		1.600E-03	6.0E-01	6.8E-01
1.604E-03	-1.68E-01	-1.56E-01		1.604E-03	6.0E-01	7.2E-01
1.608E-03	-1.64E-01	-1.36E-01		1.608E-03	6.0E-01	7.2E-01
1.612E-03	-1.44E-01	-1.32E-01		1.612E-03	6.8E-01	7.6E-01
1.616E-03	-1.40E-01	-1.36E-01		1.616E-03	6.4E-01	7.2E-01
1.620E-03	-1.44E-01	-1.24E-01		1.620E-03	6.0E-01	6.8E-01
1.624E-03	-1.28E-01	-1.12E-01		1.624E-03	6.8E-01	7.2E-01
1.628E-03	-1.24E-01	-1.12E-01		1.628E-03	6.4E-01	7.2E-01
1.632E-03	-1.28E-01	-1.16E-01		1.632E-03	6.0E-01	7.2E-01
1.636E-03	-1.24E-01	-1.04E-01		1.636E-03	6.8E-01	7.2E-01
1.640E-03	-1.08E-01	-1.00E-01		1.640E-03	6.4E-01	6.8E-01
1.644E-03	-1.12E-01	-1.04E-01		1.644E-03	6.4E-01	7.2E-01
1.648E-03	-1.08E-01	-9.6E-02		1.648E-03	6.0E-01	7.2E-01
1.652E-03	-1.00E-01	-9.2E-02		1.652E-03	6.8E-01	7.2E-01
1.656E-03	-9.6E-02	-8.8E-02		1.656E-03	7.2E-01	7.2E-01
1.660E-03	-9.6E-02	-8.4E-02		1.660E-03	6.0E-01	7.2E-01
1.664E-03	-8.0E-02	-6.8E-02		1.664E-03	6.4E-01	7.2E-01
1.668E-03	-7.6E-02	-6.8E-02		1.668E-03	6.4E-01	7.6E-01
1.672E-03	-8.0E-02	-7.6E-02		1.672E-03	6.8E-01	8.0E-01
1.676E-03	-7.6E-02	-6.0E-02		1.676E-03	6.4E-01	6.8E-01
1.680E-03	-6.8E-02	-6.0E-02		1.680E-03	6.8E-01	7.6E-01
1.684E-03	-7.2E-02	-6.4E-02		1.684E-03	6.4E-01	7.2E-01
1.688E-03	-6.8E-02	-5.6E-02		1.688E-03	6.4E-01	6.8E-01
1.692E-03	-6.8E-02	-6.0E-02		1.692E-03	6.4E-01	7.2E-01
1.696E-03	-6.4E-02	-6.0E-02		1.696E-03	5.6E-01	6.8E-01
1.700E-03	-6.4E-02	-5.6E-02		1.700E-03	6.0E-01	6.8E-01
1.704E-03	-5.6E-02	-4.8E-02		1.704E-03	6.4E-01	7.6E-01
1.708E-03	-6.0E-02	-5.2E-02		1.708E-03	6.4E-01	7.2E-01
1.712E-03	-5.6E-02	-4.8E-02		1.712E-03	6.4E-01	7.2E-01
1.716E-03	-5.6E-02	-4.8E-02		1.716E-03	6.4E-01	7.2E-01
1.720E-03	-5.6E-02	-4.4E-02		1.720E-03	6.4E-01	7.6E-01
1.724E-03	-5.6E-02	-4.8E-02		1.724E-03	6.8E-01	7.2E-01
1.728E-03	-4.8E-02	-4.4E-02		1.728E-03	5.6E-01	7.2E-01
1.732E-03	-4.8E-02	-4.0E-02		1.732E-03	6.8E-01	7.2E-01
1.736E-03	-4.8E-02	-4.0E-02		1.736E-03	6.8E-01	7.6E-01
1.740E-03	-4.8E-02	-4.0E-02		1.740E-03	6.8E-01	7.6E-01
1.744E-03	-4.8E-02	-3.6E-02		1.744E-03	6.4E-01	7.6E-01
1.748E-03	-4.8E-02	-4.0E-02		1.748E-03	6.4E-01	7.2E-01
1.752E-03	-5.2E-02	-4.4E-02		1.752E-03	6.8E-01	7.6E-01
1.756E-03	-4.8E-02	-4.0E-02		1.756E-03	6.4E-01	7.6E-01
1.760E-03	-4.8E-02	-4.4E-02		1.760E-03	6.4E-01	6.8E-01
1.764E-03	-4.8E-02	-4.0E-02		1.764E-03	6.8E-01	7.2E-01
1.768E-03	-4.4E-02	-3.6E-02		1.768E-03	6.4E-01	7.2E-01
1.772E-03	-4.0E-02	-4.0E-02		1.772E-03	6.4E-01	7.2E-01
1.776E-03	-4.4E-02	-3.6E-02		1.776E-03	6.8E-01	6.8E-01
1.780E-03	-4.4E-02	-3.6E-02		1.780E-03	6.4E-01	7.2E-01
1.784E-03	-4.4E-02	-3.6E-02		1.784E-03	6.0E-01	6.8E-01
1.788E-03	-4.0E-02	-4.0E-02		1.788E-03	6.0E-01	6.8E-01
1.792E-03	-3.6E-02	-3.2E-02		1.792E-03	6.8E-01	6.8E-01
1.796E-03	-4.0E-02	-3.2E-02		1.796E-03	6.4E-01	7.2E-01
1.800E-03	-4.0E-02	-3.6E-02		1.800E-03	6.4E-01	7.2E-01
1.804E-03	-3.6E-02	-3.2E-02		1.804E-03	6.4E-01	7.2E-01
1.808E-03	-4.0E-02	-2.8E-02		1.808E-03	6.4E-01	7.2E-01
1.812E-03	-3.6E-02	-2.8E-02		1.812E-03	6.4E-01	7.2E-01
1.816E-03	-4.0E-02	-3.2E-02		1.816E-03	6.4E-01	6.8E-01
1.820E-03	-4.0E-02	-3.6E-02		1.820E-03	6.0E-01	7.2E-01
1.824E-03	-3.6E-02	-3.2E-02		1.824E-03	6.4E-01	7.6E-01
1.828E-03	-4.0E-02	-3.6E-02		1.828E-03	6.8E-01	7.2E-01
1.832E-03	-3.6E-02	-3.2E-02		1.832E-03	6.8E-01	7.6E-01
1.836E-03	-3.6E-02	-2.8E-02		1.836E-03	6.4E-01	7.2E-01
1.840E-03	-3.6E-02	-2.8E-02		1.840E-03	6.4E-01	7.2E-01
1.844E-03	-4.0E-02	-3.2E-02		1.844E-03	6.4E-01	7.2E-01
1.848E-03	-3.6E-02	-3.2E-02		1.848E-03	6.8E-01	7.2E-01
1.852E-03	-3.6E-02	-2.8E-02		1.852E-03	6.4E-01	7.2E-01
1.856E-03	-3.6E-02	-2.8E-02		1.856E-03	6.4E-01	8.0E-01
1.860E-03	-4.0E-02	-2.8E-02		1.860E-03	6.8E-01	7.2E-01
1.864E-03	-4.0E-02	-3.2E-02		1.864E-03	6.0E-01	6.8E-01
1.868E-03	-3.6E-02	-2.8E-02		1.868E-03	6.8E-01	7.6E-01
1.872E-03	-3.6E-02	-2.8E-02		1.872E-03	5.6E-01	6.8E-01
1.876E-03	-3.6E-02	-3.2E-02		1.876E-03	6.4E-01	7.2E-01
1.880E-03	-3.2E-02	-2.4E-02		1.880E-03	6.0E-01	7.2E-01
1.884E-03	-3.6E-02	-3.2E-02		1.884E-03	6.8E-01	7.2E-01
1.888E-03	-3.2E-02	-2.8E-02		1.888E-03	6.8E-01	7.6E-01
1.892E-03	-3.2E-02	-2.4E-02		1.892E-03	6.4E-01	6.8E-01
1.896E-03	-3.2E-02	-2.8E-02		1.896E-03	6.4E-01	7.6E-01
1.900E-03	-3.6E-02	-2.8E-02		1.900E-03	6.8E-01	7.6E-01
1.904E-03	-3.6E-02	-2.8E-02		1.904E-03	6.8E-01	7.2E-01
1.908E-03	-3.6E-02	-3.2E-02		1.908E-03	6.8E-01	7.2E-01
1.912E-03	-3.6E-02	-2.8E-02		1.912E-03	6.0E-01	7.2E-01
1.916E-03	-3.6E-02	-2.4E-02		1.916E-03	6.8E-01	7.6E-01
1.920E-03	-3.6E-02	-2.4E-02		1.920E-03	6.4E-01	7.2E-01
1.924E-03	-3.2E-02	-2.4E-02		1.924E-03	6.4E-01	6.8E-01
1.928E-03	-3.6E-02	-2.4E-02		1.928E-03	6.0E-01	7.2E-01
1.932E-03	-3.2E-02	-2.4E-02		1.932E-03	6.0E-01	6.8E-01
1.936E-03	-3.6E-02	-2.4E-02		1.936E-03	6.4E-01	7.2E-01
1.940E-03	-3.6E-02	-2.8E-02		1.940E-03	6.4E-01	6.8E-01
1.944E-03	-3.2E-02	-2.8E-02		1.944E-03	5.6E-01	7.2E-01
1.948E-03	-2.8E-02	-2.4E-02		1.948E-03	6.4E-01	7.2E-01
1.952E-03	-3.6E-02	-2.8E-02		1.952E-03	6.4E-01	7.2E-01
1.956E-03	-3.6E-02	-2.0E-02		1.956E-03	6.0E-01	7.2E-01
1.960E-03	-2.8E-02	-2.4E-02		1.960E-03	6.0E-01	7.2E-01
1.964E-03	-4.0E-02	-3.2E-02		1.964E-03	6.8E-01	7.6E-01
1.968E-03	-3.6E-02	-2.8E-02		1.968E-03	6.8E-01	7.2E-01
1.972E-03	-2.8E-02	-2.0E-02		1.972E-03	6.4E-01	7.2E-01
1.976E-03	-3.6E-02	-2.4E-02		1.976E-03	6.8E-01	7.6E-01
1.980E-03	-3.6E-02	-2.8E-02		1.980E-03	6.8E-01	7.2E-01
1.984E-03	-3.6E-02	-2.8E-02		1.984E-03	6.4E-01	7.6E-01
1.988E-03	-2.8E-02	-2.4E-02		1.988E-03	6.0E-01	7.2E-01
1.992E-03	-3.2E-02	-2.4E-02		1.992E-03	6.8E-01	7.6E-01
1.996E-03	-3.6E-02	-2.4E-02		1.996E-03	6.0E-01	7.2E-01
2.000E-03	-3.2E-02	-2.4E-02		2.000E-03	7.2E-01	7.6E-01
2.004E-03	-3.6E-02	-2.8E-02		2.004E-03	6.0E-01	7.2E-01
2.008E-03	-3.2E-02	-2.8E-02		2.008E-03	6.8E-01	7.2E-01
2.012E-03	-3.2E-02	-2.4E-02		2.012E-03	6.8E-01	7.2E-01
2.016E-03	-3.6E-02	-2.8E-02		2.016E-03	6.4E-01	6.8E-01
2.020E-03	-3.6E-02	-2.8E-02		2.020E-03	6.4E-01	7.2E-01
2.024E-03	-3.2E-02	-2.4E-02		2.024E-03	6.8E-01	7.2E-01
2.028E-03	-3.6E-02	-2.8E-02		2.028E-03	6.8E-01	7.6E-01
2.032E-03	-3.6E-02	-2.8E-02		2.032E-03	6.8E-01	7.2E-01
2.036E-03	-2.8E-02	-2.4E-02		2.036E-03	6.8E-01	7.6E-01
2.040E-03	-2.8E-02	-2.4E-02		2.040E-03	6.0E-01	6.8E-01
2.044E-03	-3.2E-02	-2.8E-02		2.044E-03	6.8E-01	7.2E-01
2.048E-03	-3.6E-02	-2.8E-02		2.048E-03	6.4E-01	7.2E-01
2.052E-03	-3.2E-02	-2.4E-02		2.052E-03	6.0E-01	6.8E-01
2.056E-03	-2.8E-02	-2.4E-02		2.056E-03	6.4E-01	6.8E-01
2.060E-03	-3.2E-02	-2.4E-02		2.060E-03	6.8E-01	7.2E-01
2.064E-03	-3.6E-02	-2.4E-02		2.064E-03	6.8E-01	7.2E-01
2.068E-03	-3.6E-02	-2.4E-02		2.068E-03	5.6E-01	7.2E-01
2.072E-03	-3.2E-02	-2.4E-02		2.072E-03	6.8E-01	7.2E-01
2.076E-03	-2.8E-02	-2.4E-02		2.076E-03	6.8E-01	7.2E-01
2.080E-03	-3.2E-02	-2.8E-02		2.080E-03	6.8E-01	7.2E-01
2.084E-03	-3.2E-02	-2.8E-02		2.084E-03	6.0E-01	7.2E-01
2.088E-03	-2.8E-02	-2.0E-02		2.088E-03	6.8E-01	7.6E-01
2.092E-03	-3.2E-02	-2.4E-02		2.092E-03	6.8E-01	7.2E-01
2.096E-03	-3.2E-02	-2.8E-02		2.096E-03	6.0E-01	7.2E-01
2.100E-03	-2.8E-02	-2.0E-02		2.100E-03	6.8E-01	7.6E-01
2.104E-03	-3.2E-02	-2.4E-02		2.104E-03	6.8E-01	7.6E-01
2.108E-03	-3.2E-02	-2.8E-02		2.108E-03	6.4E-01	6.8E-01
2.112E-03	-3.2E-02	-2.8E-02		2.112E-03	6.0E-01	7.6E-01
2.116E-03	-3.2E-02	-2.4E-02		2.116E-03	6.4E-01	6.8E-01
2.120E-03	-3.6E-02	-2.8E-02		2.120E-03	6.4E-01	7.6E-01
2.124E-03	-2.8E-02	-2.4E-02		2.124E-03	6.8E-01	7.2E-01
