0,000000	3,564453
0,031250	3,625488
0,031250	3,710937
0,031250	3,784180
0,046875	3,833008
0,046875	3,918457
0,062500	3,967285
0,062500	4,113770
0,078125	4,162598
0,093750	4,235840
0,093750	4,345703
0,109375	4,455566
0,109375	4,553223
0,125000	4,626465
0,140625	4,687500
0,140625	4,797363
0,156250	4,846191
0,156250	4,943848
0,171875	5,041504
0,187500	5,102539
0,203125	5,175781
0,203125	5,236816
0,218750	5,310059
0,218750	5,322266
0,234375	5,334473
0,234375	5,358887
0,265625	5,419922
0,265625	5,432129
0,281250	5,407715
0,281250	5,407715
0,296875	5,444336
0,296875	5,371094
0,312500	5,358887
0,328125	5,261230
0,343750	5,261230
0,343750	5,212402
0,359375	5,126953
0,359375	5,029297
0,375000	4,980469
0,375000	4,858398
0,390625	4,809570
0,406250	4,663086
0,421875	4,602051
0,421875	4,504395
0,437500	4,394531
0,437500	4,309082
0,453125	4,199219
0,453125	4,113770
0,484375	4,064941
0,484375	3,991699
0,500000	3,894043
0,500000	3,833008
0,515625	3,771973
0,515625	3,735352
0,531250	3,674316
0,546875	3,674316
0,562500	3,625488
0,562500	3,686523
0,578125	3,662109
0,578125	3,662109
0,593750	3,649902
0,593750	3,686523
0,625000	3,735352
0,625000	3,771973
0,640625	3,796387
0,640625	3,881836
0,656250	3,955078
0,656250	4,040527
0,671875	4,089355
0,687500	4,174805
0,703125	4,296875
0,703125	4,370117
0,718750	4,455566
0,718750	4,565430
0,734375	4,626465
0,750000	4,748535
0,750000	4,858398
0,765625	4,943848
0,781250	5,053711
0,781250	5,114746
0,796875	5,212402
0,796875	5,261230
0,812500	5,297852
0,828125	5,322266
0,843750	5,371094
0,843750	5,444336
0,859375	5,432129
0,859375	5,419922
0,875000	5,395508
0,875000	5,395508
0,890625	5,346680
0,906250	5,273437
0,921875	5,187988
0,921875	5,175781
0,937500	5,102539
0,937500	5,065918
0,953125	4,919434
0,953125	4,858398
0,984375	4,797363
0,984375	4,675293
1,000000	4,577637
1,000000	4,467773
1,015625	4,370117
1,015625	4,309082
1,031250	4,187012
1,046875	4,125977
1,062500	4,040527
1,062500	3,955078
1,078125	3,869629
1,078125	3,808594
1,093750	3,747559
1,109375	3,662109
1,109375	3,662109
1,125000	3,649902
1,140625	3,662109
1,140625	3,601074
1,156250	3,625488
1,156250	3,649902
1,171875	3,686523
1,187500	3,674316
1,203125	3,759766
1,203125	3,796387
1,218750	3,918457
1,218750	3,918457
1,234375	4,016113
1,234375	4,089355
1,265625	4,174805
1,265625	4,199219
1,281250	4,284668
1,281250	4,333496
1,296875	4,467773
1,296875	4,492187
1,312500	4,553223
1,328125	4,638672
1,343750	4,736328
1,343750	4,809570
1,359375	4,858398
1,359375	4,919434
1,375000	5,017090
1,375000	5,078125
1,390625	5,151367
1,406250	5,224609
1,421875	5,285645
1,421875	5,371094
1,437500	5,395508
1,437500	5,419922
1,453125	5,444336
1,468750	5,480957
1,484375	5,505371
1,484375	5,554199
1,500000	5,566406
1,500000	5,554199
1,515625	5,529785
1,515625	5,541992
1,531250	5,480957
1,546875	5,444336
1,562500	5,383301
1,562500	5,371094
1,578125	5,310059
1,578125	5,212402
1,593750	5,151367
1,609375	5,090332
1,625000	4,992676
1,625000	4,907227
1,640625	4,797363
1,640625	4,748535
1,656250	4,663086
1,656250	4,553223
1,671875	4,479980
1,687500	4,382324
1,703125	4,296875
1,703125	4,248047
1,718750	4,138184
1,718750	4,052734
1,734375	3,979492
1,734375	3,906250
1,750000	3,857422
1,765625	3,796387
1,781250	3,771973
1,781250	3,735352
1,796875	3,723145
1,796875	3,710937
1,812500	3,674316
1,828125	3,674316
1,843750	3,674316
1,843750	3,759766
1,859375	3,771973
1,859375	3,833008
1,875000	3,881836
1,875000	3,979492
1,890625	4,040527
1,906250	4,113770
1,921875	4,187012
1,921875	4,345703
1,937500	4,394531
1,937500	4,492187
1,953125	4,589844
1,953125	4,663086
1,984375	4,785156
1,984375	4,882812
2,000000	4,956055
2,000000	5,029297
2,015625	5,090332
2,015625	5,163574
2,031250	5,236816
2,046875	5,297852
2,062500	5,322266
2,062500	5,346680
2,078125	5,419922
2,078125	5,419922
2,093750	5,395508
2,109375	5,358887
2,109375	5,383301
2,125000	5,358887
2,140625	5,310059
2,140625	5,249023
2,156250	5,249023
2,156250	5,163574
2,171875	5,126953
2,187500	4,980469
2,203125	4,956055
2,203125	4,882812
2,218750	4,785156
2,218750	4,687500
2,234375	4,602051
2,234375	4,516602
2,265625	4,467773
2,265625	4,321289
2,281250	4,248047
2,281250	4,174805
2,296875	4,064941
2,296875	3,991699
2,312500	3,881836
2,328125	3,833008
2,343750	3,771973
2,343750	3,735352
2,359375	3,674316
2,359375	3,637695
2,375000	3,564453
2,375000	3,564453
2,390625	3,564453
2,406250	3,576660
2,421875	3,576660
2,421875	3,637695
2,437500	3,662109
2,437500	3,735352
2,453125	3,735352
2,453125	3,808594
2,484375	3,881836
2,484375	3,955078
2,500000	4,003906
2,500000	4,125977
2,515625	4,199219
2,531250	4,333496
2,531250	4,406738
2,546875	4,516602
2,562500	4,626465
2,562500	4,699707
2,578125	4,809570
2,578125	4,895020
2,593750	4,968262
2,609375	5,041504
2,625000	5,126953
2,625000	5,212402
2,640625	5,285645
2,640625	5,310059
2,656250	5,346680
2,656250	5,371094
2,671875	5,371094
2,687500	5,334473
2,703125	5,334473
2,703125	5,334473
2,718750	5,310059
2,718750	5,297852
2,734375	5,175781
2,734375	5,139160
2,750000	5,078125
2,765625	4,980469
2,781250	4,895020
2,781250	4,797363
2,796875	4,711914
2,796875	4,626465
2,812500	4,492187
2,828125	4,431152
2,843750	4,357910
2,843750	4,248047
2,859375	4,162598
2,859375	4,077148
2,875000	4,003906
2,875000	3,918457
2,890625	3,881836
2,906250	3,857422
2,921875	3,796387
2,921875	3,735352
2,937500	3,723145
2,937500	3,710937
2,953125	3,710937
2,953125	3,662109
2,984375	3,710937
2,984375	3,735352
3,000000	3,820801
3,000000	3,796387
3,015625	3,857422
3,015625	3,918457
3,031250	4,003906
3,046875	4,040527
3,062500	4,150391
3,062500	4,174805
3,078125	4,345703
3,078125	4,370117
3,093750	4,455566
3,093750	4,565430
3,125000	4,663086
3,125000	4,736328
3,140625	4,821777
3,140625	4,858398
3,156250	4,968262
3,156250	5,029297
3,171875	5,102539
3,187500	5,175781
3,203125	5,224609
3,203125	5,310059
3,218750	5,346680
3,218750	5,371094
3,234375	5,407715
3,234375	5,468750
3,250000	5,493164
3,265625	5,541992
3,281250	5,578613
3,281250	5,603027
3,296875	5,590820
3,296875	5,651855
3,312500	5,627441
3,328125	5,615234
3,343750	5,590820
3,343750	5,627441
3,359375	5,615234
3,359375	5,566406
3,375000	5,529785
3,375000	5,529785
3,390625	5,456543
3,406250	5,419922
3,421875	5,297852
3,421875	5,297852
3,437500	5,236816
3,437500	5,139160
3,453125	5,078125
3,453125	4,992676
3,484375	4,895020
3,484375	4,858398
3,500000	4,699707
3,500000	4,626465
3,515625	4,553223
3,515625	4,467773
3,531250	4,382324
3,546875	4,260254
3,562500	4,211426
3,562500	4,150391
3,578125	4,052734
3,578125	3,979492
3,593750	3,906250
3,609375	3,845215
3,609375	3,796387
3,625000	3,723145
3,640625	3,686523
3,640625	3,662109
3,656250	3,601074
3,656250	3,564453
3,671875	3,515625
3,687500	3,491211
3,703125	3,430176
3,703125	3,442383
3,718750	3,442383
3,718750	3,417969
3,734375	3,393555
3,734375	3,405762
3,765625	3,417969
3,765625	3,417969
3,781250	3,381348
3,781250	3,466797
3,796875	3,466797
3,796875	3,527832
3,812500	3,515625
3,828125	3,564453
3,843750	3,637695
3,843750	3,698730
3,859375	3,686523
3,859375	3,796387
3,875000	3,833008
3,875000	3,942871
3,890625	3,955078
3,906250	4,028320
3,921875	4,150391
3,921875	4,235840
3,937500	4,272461
3,937500	4,370117
3,953125	4,431152
3,953125	4,577637
3,984375	4,602051
3,984375	4,687500
4,000000	4,772949
4,000000	4,858398
4,015625	4,943848
4,015625	5,004883
4,031250	5,053711
4,046875	5,139160
4,062500	5,187988
4,062500	5,236816
4,078125	5,310059
4,078125	5,346680
4,093750	5,419922
4,109375	5,432129
4,109375	5,468750
4,125000	5,456543
4,140625	5,480957
4,140625	5,493164
4,156250	5,529785
4,156250	5,517578
4,171875	5,468750
4,187500	5,371094
4,203125	5,310059
4,203125	5,139160
4,218750	5,053711
4,218750	4,895020
4,234375	4,846191
4,234375	4,724121
4,250000	4,577637
4,265625	4,455566
4,281250	4,394531
4,281250	4,248047
4,296875	4,162598
4,296875	3,991699
4,312500	3,918457
4,328125	3,820801
4,343750	3,710937
4,343750	3,588867
4,359375	3,491211
4,359375	3,381348
4,375000	3,308105
4,375000	3,173828
4,390625	3,076172
4,406250	2,978516
4,421875	2,905273
4,421875	2,819824
4,437500	2,709961
4,437500	2,661133
4,453125	2,624512
4,453125	2,539062
4,484375	2,453613
4,484375	2,380371
4,500000	2,319336
4,500000	2,258301
4,515625	2,209473
4,515625	2,197266
4,531250	2,172852
4,546875	2,124023
4,562500	2,099609
4,562500	2,050781
4,578125	2,014160
4,578125	1,989746
4,609375	2,014160
4,609375	2,014160
4,625000	2,026367
4,625000	2,026367
4,640625	2,038574
4,640625	2,075195
4,656250	2,087402
4,656250	2,087402
4,671875	2,185059
4,687500	2,221680
4,703125	2,307129
4,703125	2,343750
4,718750	2,404785
4,718750	2,514648
4,734375	2,587891
4,734375	2,624512
4,765625	2,746582
4,765625	2,819824
4,781250	2,941895
4,781250	3,002930
4,796875	3,100586
4,796875	3,198242
4,812500	3,308105
4,828125	3,369141
4,843750	3,454590
4,843750	3,503418
4,859375	3,613281
4,859375	3,674316
4,875000	3,735352
4,875000	3,808594
4,890625	3,857422
4,906250	3,930664
4,921875	3,942871
4,921875	3,991699
4,937500	3,942871
4,937500	3,979492
4,953125	3,967285
4,953125	3,991699
4,984375	3,942871
4,984375	3,918457
5,000000	3,857422
5,000000	3,857422
5,015625	3,698730
5,015625	3,674316
5,031250	3,564453
5,046875	3,503418
5,062500	3,381348
5,062500	3,271484
5,078125	3,173828
5,078125	3,125000
5,093750	2,978516
5,093750	2,917480
5,125000	2,795410
5,125000	2,709961
5,140625	2,612305
5,140625	2,526855
5,156250	2,465820
5,156250	2,404785
5,171875	2,368164
5,187500	2,331543
5,203125	2,307129
5,203125	2,258301
5,218750	2,221680
5,218750	2,233887
5,234375	2,270508
5,234375	2,233887
5,250000	2,282715
5,265625	2,307129
5,281250	2,429199
5,281250	2,465820
5,296875	2,514648
5,296875	2,600098
5,312500	2,685547
5,328125	2,795410
5,343750	2,893066
5,343750	2,941895
5,359375	3,076172
5,359375	3,186035
5,375000	3,295898
5,375000	3,393555
5,390625	3,491211
5,406250	3,601074
5,421875	3,649902
5,421875	3,686523
5,437500	3,759766
5,437500	3,820801
5,453125	3,894043
5,468750	3,918457
5,484375	3,979492
5,484375	3,955078
5,500000	3,942871
5,500000	3,955078
5,515625	3,930664
5,515625	3,881836
5,531250	3,833008
5,546875	3,808594
5,562500	3,784180
5,562500	3,674316
5,578125	3,601074
5,578125	3,527832
5,593750	3,442383
5,593750	3,344727
5,625000	3,234863
5,625000	3,125000
5,640625	3,063965
5,640625	2,941895
5,656250	2,880859
5,671875	2,758789
5,687500	2,685547
5,687500	2,612305
5,703125	2,526855
5,703125	2,441406
5,718750	2,368164
5,718750	2,331543
5,734375	2,282715
5,750000	2,270508
5,765625	2,246094
5,765625	2,258301
5,781250	2,258301
5,781250	2,319336
5,796875	2,282715
5,796875	2,343750
5,812500	2,368164
5,828125	2,514648
5,843750	2,539062
5,843750	2,612305
5,859375	2,673340
5,859375	2,819824
5,875000	2,905273
5,890625	2,978516
5,890625	3,039551
5,906250	3,186035
5,921875	3,271484
5,921875	3,356934
5,937500	3,454590
5,937500	3,540039
5,953125	3,649902
5,953125	3,686523
5,984375	3,759766
5,984375	3,796387
6,000000	3,845215
6,000000	3,881836
6,015625	3,930664
6,015625	3,967285
6,031250	3,955078
6,046875	3,942871
6,062500	4,003906
6,062500	3,955078
6,078125	3,955078
6,078125	3,894043
6,093750	3,930664
6,109375	3,906250
6,109375	3,845215
6,125000	3,784180
6,140625	3,771973
6,140625	3,686523
6,156250	3,662109
6,156250	3,515625
6,171875	3,491211
6,187500	3,405762
6,203125	3,320312
6,203125	3,247070
6,218750	3,112793
6,218750	3,063965
6,234375	2,966309
6,234375	2,832031
6,265625	2,746582
6,265625	2,661133
6,281250	2,575684
6,281250	2,502441
6,296875	2,404785
6,296875	2,392578
6,312500	2,331543
6,328125	2,258301
6,343750	2,233887
6,343750	2,185059
6,359375	2,148437
6,359375	2,124023
6,375000	2,136230
6,375000	2,185059
6,390625	2,209473
6,406250	2,221680
6,421875	2,294922
6,421875	2,307129
6,437500	2,380371
6,437500	2,392578
6,453125	2,502441
6,468750	2,587891
6,484375	2,648926
6,484375	2,746582
6,500000	2,832031
6,500000	2,954102
6,515625	3,051758
6,515625	3,137207
6,531250	3,271484
6,546875	3,344727
6,562500	3,466797
6,562500	3,540039
6,578125	3,613281
6,578125	3,698730
6,593750	3,784180
6,609375	3,881836
6,625000	3,930664
6,625000	3,979492
6,640625	4,003906
6,640625	4,052734
6,656250	4,052734
6,656250	4,064941
6,671875	4,028320
6,687500	4,064941
6,703125	4,016113
6,703125	4,016113
6,718750	3,894043
6,718750	3,869629
6,734375	3,820801
6,734375	3,747559
6,765625	3,613281
6,765625	3,540039
6,781250	3,466797
6,781250	3,393555
6,796875	3,234863
6,796875	3,149414
6,812500	3,051758
6,828125	2,941895
6,843750	2,819824
6,843750	2,709961
6,859375	2,636719
6,859375	2,563477
6,875000	2,478027
6,890625	2,416992
6,890625	2,355957
6,906250	2,282715
6,921875	2,233887
6,921875	2,197266
6,937500	2,209473
6,937500	2,160645
6,953125	2,209473
6,953125	2,197266
6,984375	2,294922
6,984375	2,282715
7,000000	2,343750
7,000000	2,416992
7,015625	2,502441
7,015625	2,563477
7,031250	2,673340
7,046875	2,734375
7,062500	2,893066
7,062500	2,978516
7,078125	3,063965
7,078125	3,173828
7,093750	3,271484
7,109375	3,393555
7,125000	3,442383
7,125000	3,527832
7,140625	3,613281
7,140625	3,698730
7,156250	3,771973
7,156250	3,833008
7,171875	3,881836
7,187500	3,930664
7,203125	3,942871
7,203125	3,967285
7,218750	3,942871
7,218750	3,955078
7,234375	3,918457
7,250000	3,918457
7,265625	3,894043
7,265625	3,796387
7,281250	3,735352
7,281250	3,686523
7,296875	3,564453
7,296875	3,503418
7,312500	3,369141
7,328125	3,295898
7,343750	3,210449
7,343750	3,063965
7,359375	2,978516
7,359375	2,880859
7,375000	2,758789
7,375000	2,673340
7,390625	2,563477
7,406250	2,478027
7,421875	2,380371
7,421875	2,331543
7,437500	2,294922
7,437500	2,246094
7,453125	2,185059
7,468750	2,172852
7,484375	2,160645
7,484375	2,160645
7,500000	2,124023
7,500000	2,160645
7,515625	2,172852
7,515625	2,233887
7,531250	2,246094
7,546875	2,294922
7,562500	2,355957
7,562500	2,465820
7,578125	2,478027
7,578125	2,563477
7,593750	2,612305
7,593750	2,783203
7,625000	2,832031
7,625000	2,917480
7,640625	3,015137
7,640625	3,161621
7,656250	3,271484
7,656250	3,344727
7,671875	3,417969
7,687500	3,527832
7,703125	3,613281
7,703125	3,686523
7,718750	3,784180
7,718750	3,857422
7,734375	3,942871
7,734375	3,967285
7,750000	4,028320
7,765625	4,040527
7,781250	4,077148
7,781250	4,077148
7,796875	4,125977
7,796875	4,113770
7,812500	4,089355
7,828125	4,052734
7,843750	4,101562
7,843750	4,003906
7,859375	3,967285
7,859375	3,881836
7,875000	3,869629
7,875000	3,808594
7,890625	3,710937
7,906250	3,601074
7,921875	3,588867
7,921875	3,466797
7,937500	3,417969
7,937500	3,271484
7,953125	3,198242
7,953125	3,112793
7,984375	3,002930
7,984375	2,905273
8,000000	2,807617
8,000000	2,734375
8,015625	2,685547
8,015625	2,575684
8,031250	2,478027
8,046875	2,404785
8,062500	2,331543
8,062500	2,258301
8,078125	2,185059
8,078125	2,160645
8,093750	2,124023
8,109375	2,087402
8,109375	2,062988
8,125000	2,026367
8,140625	2,001953
8,140625	1,977539
8,156250	2,001953
8,156250	2,026367
8,171875	2,038574
8,187500	2,087402
8,203125	2,124023
8,203125	2,172852
8,218750	2,197266
8,218750	2,221680
8,234375	2,319336
8,234375	2,368164
8,265625	2,416992
8,265625	2,478027
8,281250	2,551270
8,281250	2,661133
8,296875	2,709961
8,296875	2,734375
8,312500	2,844238
8,328125	2,905273
8,343750	3,002930
8,343750	3,063965
8,359375	3,125000
8,359375	3,234863
8,375000	3,320312
8,375000	3,369141
8,390625	3,466797
8,406250	3,527832
8,421875	3,649902
8,421875	3,686523
8,437500	3,735352
8,437500	3,845215
8,453125	3,918457
8,453125	3,991699
8,484375	4,040527
8,484375	4,101562
8,500000	4,125977
8,500000	4,162598
8,515625	4,199219
8,515625	4,260254
8,531250	4,260254
8,546875	4,309082
8,562500	4,309082
8,562500	4,345703
8,578125	4,284668
8,578125	4,296875
8,593750	4,248047
8,593750	4,260254
8,625000	4,174805
8,625000	4,150391
8,640625	4,077148
8,640625	4,089355
8,656250	3,955078
8,656250	3,918457
8,671875	3,820801
8,687500	3,796387
8,703125	3,674316
8,703125	3,601074
8,718750	3,503418
8,718750	3,479004
8,734375	3,344727
8,750000	3,283691
8,765625	3,149414
8,765625	3,112793
8,781250	2,990723
8,781250	2,893066
8,796875	2,795410
8,796875	2,722168
8,812500	2,636719
8,828125	2,587891
8,843750	2,478027
8,843750	2,404785
8,859375	2,343750
8,859375	2,246094
8,875000	2,197266
8,875000	2,111816
8,890625	2,075195
8,906250	2,026367
8,921875	2,014160
8,921875	1,953125
8,937500	1,916504
8,937500	1,867676
8,953125	1,867676
8,968750	1,843262
8,984375	1,843262
8,984375	1,843262
9,000000	1,892090
9,000000	1,904297
9,015625	1,904297
9,015625	1,916504
9,031250	1,928711
9,046875	2,001953
9,062500	2,038574
9,062500	2,062988
9,078125	2,111816
9,078125	2,172852
9,093750	2,209473
9,109375	2,246094
9,109375	2,282715
9,125000	2,380371
9,140625	2,429199
9,140625	2,490234
9,156250	2,575684
9,156250	2,636719
9,171875	2,746582
9,187500	2,795410
9,203125	2,844238
9,203125	2,966309
9,218750	3,015137
9,218750	3,112793
9,234375	3,186035
9,234375	3,234863
9,250000	3,344727
9,265625	3,442383
9,281250	3,491211
9,281250	3,588867
9,296875	3,637695
9,296875	3,747559
9,312500	3,771973
9,328125	3,833008
9,343750	3,918457
9,343750	3,991699
9,359375	4,052734
9,359375	4,101562
9,375000	4,150391
9,375000	4,174805
9,390625	4,211426
9,406250	4,223633
9,421875	4,272461
9,421875	4,284668
9,437500	4,333496
9,437500	4,309082
9,453125	4,345703
9,468750	4,296875
9,484375	4,284668
9,484375	4,284668
9,500000	4,260254
9,500000	4,199219
9,515625	4,150391
9,515625	4,089355
9,531250	4,101562
9,546875	3,955078
9,562500	3,918457
9,562500	3,808594
9,578125	3,771973
9,578125	3,649902
9,593750	3,540039
9,609375	3,430176
9,609375	3,381348
9,625000	3,222656
9,640625	3,161621
9,640625	3,002930
9,656250	2,929687
9,656250	2,832031
9,671875	2,709961
9,687500	2,600098
9,703125	2,514648
9,703125	2,441406
9,718750	2,380371
9,718750	2,319336
9,734375	2,246094
9,750000	2,197266
9,765625	2,136230
9,765625	2,136230
9,781250	2,075195
9,781250	2,087402
9,796875	2,087402
9,796875	2,172852
9,812500	2,160645
9,828125	2,197266
9,843750	2,221680
9,843750	2,307129
9,859375	2,355957
9,859375	2,416992
9,875000	2,465820
9,875000	2,612305
9,890625	2,697754
9,906250	2,807617
9,921875	2,893066
9,921875	3,015137
9,937500	3,161621
9,937500	3,234863
9,953125	3,320312
9,968750	3,442383
9,984375	3,527832
9,984375	3,625488
10,000000	3,723145
10,000000	3,820801
10,015625	3,881836
10,015625	3,906250
10,031250	3,967285
10,046875	4,016113
10,062500	4,040527
10,062500	4,003906
10,078125	4,040527
10,078125	4,052734
10,093750	3,991699
10,109375	3,955078
10,109375	3,881836
10,125000	3,833008
10,140625	3,771973
10,140625	3,649902
10,156250	3,564453
10,156250	3,515625
10,171875	3,393555
10,187500	3,308105
10,203125	3,173828
10,203125	3,088379
10,218750	3,002930
10,218750	2,880859
10,250000	2,746582
10,265625	2,673340
10,265625	2,575684
10,281250	2,490234
10,281250	2,416992
10,296875	2,380371
10,296875	2,319336
10,312500	2,246094
10,312500	2,233887
10,328125	2,185059
10,343750	2,185059
10,343750	2,136230
10,359375	2,221680
10,359375	2,221680
10,375000	2,246094
10,390625	2,270508
10,390625	2,343750
10,406250	2,404785
10,421875	2,478027
10,421875	2,514648
10,437500	2,673340
10,437500	2,734375
10,453125	2,868652
10,468750	2,954102
10,484375	3,076172
10,484375	3,198242
10,500000	3,308105
10,500000	3,393555
10,515625	3,515625
10,515625	3,601074
10,531250	3,686523
10,546875	3,759766
10,562500	3,833008
10,562500	3,894043
10,578125	3,918457
10,578125	4,003906
10,593750	3,991699
10,609375	4,003906
10,609375	3,955078
10,625000	3,979492
10,640625	3,955078
10,640625	3,918457
10,656250	3,857422
10,656250	3,833008
10,671875	3,771973
10,687500	3,723145
10,703125	3,588867
10,703125	3,527832
10,718750	3,454590
10,718750	3,356934
10,734375	3,247070
10,734375	3,137207
10,765625	3,063965
10,765625	2,990723
10,781250	2,844238
10,781250	2,770996
10,796875	2,673340
10,796875	2,587891
10,812500	2,478027
10,828125	2,368164
10,843750	2,331543
10,843750	2,270508
10,859375	2,185059
10,859375	2,136230
10,875000	2,075195
10,875000	2,001953
10,890625	1,940918
10,906250	1,916504
10,921875	1,904297
10,921875	1,879883
10,937500	1,879883
10,937500	1,879883
10,953125	1,916504
10,953125	1,904297
10,984375	1,879883
10,984375	1,928711
11,000000	1,977539
11,000000	2,001953
11,015625	2,050781
11,015625	2,099609
11,031250	2,197266
11,046875	2,270508
11,062500	2,294922
11,062500	2,392578
11,078125	2,478027
11,078125	2,600098
11,093750	2,661133
11,109375	2,734375
11,109375	2,868652
11,125000	2,990723
11,140625	3,076172
11,140625	3,198242
11,156250	3,295898
11,156250	3,430176
11,171875	3,491211
11,187500	3,576660
11,203125	3,686523
11,203125	3,771973
11,218750	3,857422
11,218750	3,918457
11,234375	4,003906
11,234375	4,016113
11,265625	4,040527
11,265625	4,052734
11,281250	4,101562
11,281250	4,089355
11,296875	4,077148
11,296875	4,052734
11,312500	4,064941
11,328125	3,967285
11,343750	3,942871
11,343750	3,857422
11,359375	3,820801
11,359375	3,723145
11,375000	3,625488
11,375000	3,527832
11,390625	3,503418
11,406250	3,369141
11,421875	3,295898
11,421875	3,149414
11,437500	3,088379
11,437500	2,966309
11,453125	2,844238
11,468750	2,734375
11,484375	2,648926
11,484375	2,551270
11,500000	2,478027
11,500000	2,404785
11,515625	2,343750
11,515625	2,270508
11,531250	2,197266
11,546875	2,160645
11,562500	2,099609
11,562500	2,087402
11,578125	2,050781
11,578125	2,124023
11,593750	2,075195
11,593750	2,111816
11,625000	2,124023
11,625000	2,185059
11,640625	2,246094
11,640625	2,294922
11,656250	2,319336
11,656250	2,465820
11,671875	2,514648
11,687500	2,624512
11,703125	2,697754
11,703125	2,807617
11,718750	2,929687
11,718750	3,027344
11,734375	3,088379
11,750000	3,234863
11,765625	3,332520
11,765625	3,430176
11,781250	3,527832
11,781250	3,637695
11,796875	3,710937
11,796875	3,735352
11,812500	3,820801
11,828125	3,881836
11,843750	3,918457
11,843750	3,930664
11,859375	3,979492
11,859375	4,016113
11,875000	3,979492
11,875000	3,942871
11,890625	3,942871
11,906250	3,894043
11,921875	3,857422
11,921875	3,735352
11,937500	3,662109
11,937500	3,625488
11,953125	3,491211
11,968750	3,405762
11,984375	3,259277
11,984375	3,186035
12,000000	3,100586
12,000000	2,954102
12,015625	2,832031
12,015625	2,722168
12,031250	2,624512
12,046875	2,514648
12,062500	2,429199
12,062500	2,368164
12,078125	2,294922
12,078125	2,233887
12,093750	2,197266
12,093750	2,136230
12,125000	2,124023
12,125000	2,087402
12,140625	2,136230
12,140625	2,148437
12,156250	2,172852
12,156250	2,221680
12,171875	2,307129
12,187500	2,368164
12,203125	2,441406
12,203125	2,465820
12,218750	2,624512
12,218750	2,697754
12,234375	2,819824
12,234375	2,905273
12,250000	3,027344
12,265625	3,161621
12,281250	3,271484
12,281250	3,344727
12,296875	3,466797
12,296875	3,540039
12,312500	3,637695
12,328125	3,723145
12,343750	3,808594
12,343750	3,869629
12,359375	3,918457
12,359375	4,003906
12,375000	4,003906
12,375000	4,028320
12,390625	3,991699
12,406250	4,028320
12,421875	3,991699
12,421875	3,955078
12,437500	3,881836
12,437500	3,857422
12,453125	3,759766
12,468750	3,735352
12,484375	3,552246
12,484375	3,503418
12,500000	3,393555
12,500000	3,283691
12,515625	3,149414
12,515625	3,039551
12,531250	2,954102
12,546875	2,868652
12,562500	2,746582
12,562500	2,648926
12,578125	2,563477
12,578125	2,478027
12,593750	2,392578
12,593750	2,319336
12,625000	2,294922
12,625000	2,221680
12,640625	2,209473
12,640625	2,185059
12,656250	2,185059
12,656250	2,136230
12,671875	2,136230
12,687500	2,172852
12,703125	2,209473
12,703125	2,209473
12,718750	2,282715
12,718750	2,319336
12,734375	2,429199
12,734375	2,441406
12,750000	2,514648
12,765625	2,624512
12,781250	2,697754
12,781250	2,783203
12,796875	2,880859
12,796875	2,929687
12,812500	3,076172
12,828125	3,149414
12,843750	3,234863
12,843750	3,344727
12,859375	3,430176
12,859375	3,540039
12,875000	3,588867
12,875000	3,662109
12,890625	3,759766
12,906250	3,833008
12,921875	3,894043
12,921875	3,955078
12,937500	4,016113
12,937500	4,077148
12,953125	4,101562
12,968750	4,138184
12,984375	4,199219
12,984375	4,223633
13,000000	4,260254
13,000000	4,284668
13,015625	4,345703
13,015625	4,309082
13,031250	4,309082
13,046875	4,321289
13,062500	4,345703
13,062500	4,321289
13,078125	4,296875
13,078125	4,272461
13,093750	4,284668
13,109375	4,174805
13,109375	4,162598
13,125000	4,089355
13,140625	4,064941
13,140625	4,003906
13,156250	3,906250
13,156250	3,845215
13,171875	3,845215
13,187500	3,698730
13,203125	3,662109
13,203125	3,527832
13,218750	3,515625
13,218750	3,417969
13,234375	3,308105
13,250000	3,210449
13,265625	3,186035
13,265625	3,076172
13,281250	3,039551
13,281250	2,893066
13,296875	2,880859
13,296875	2,783203
13,312500	2,685547
13,328125	2,612305
13,343750	2,539062
13,343750	2,478027
13,359375	2,404785
13,359375	2,319336
13,375000	2,282715
13,375000	2,233887
13,390625	2,148437
13,406250	2,099609
13,421875	2,026367
13,421875	2,001953
13,437500	1,928711
13,437500	1,928711
13,453125	1,892090
13,468750	1,879883
13,484375	1,818848
13,484375	1,806641
13,500000	1,782227
13,500000	1,806641
13,515625	1,782227
13,515625	1,831055
13,531250	1,831055
13,546875	1,879883
13,562500	1,843262
13,562500	1,916504
13,578125	1,953125
13,578125	2,014160
13,593750	2,026367
13,593750	2,099609
13,625000	2,160645
13,625000	2,258301
13,640625	2,258301
13,640625	2,343750
13,656250	2,404785
13,656250	2,502441
13,671875	2,551270
13,687500	2,636719
13,703125	2,697754
13,703125	2,819824
13,718750	2,868652
13,718750	2,954102
13,734375	3,039551
13,734375	3,137207
13,750000	3,222656
13,765625	3,295898
13,781250	3,356934
13,781250	3,479004
13,796875	3,564453
13,796875	3,637695
13,812500	3,710937
13,828125	3,784180
13,843750	3,857422
13,843750	3,881836
13,859375	3,930664
13,859375	3,991699
13,875000	4,052734
13,875000	4,113770
13,890625	4,174805
13,906250	4,235840
13,921875	4,260254
13,921875	4,260254
13,937500	4,284668
13,937500	4,321289
13,953125	4,321289
13,968750	4,321289
13,984375	4,333496
13,984375	4,382324
14,000000	4,321289
14,000000	4,296875
14,015625	4,260254
14,015625	4,272461
14,031250	4,223633
14,046875	4,162598
14,062500	4,125977
14,062500	4,125977
14,078125	4,028320
14,078125	3,979492
14,093750	3,881836
14,109375	3,857422
14,109375	3,771973
14,125000	3,686523
14,140625	3,588867
14,140625	3,576660
14,156250	3,442383
14,156250	3,393555
14,171875	3,247070
14,187500	3,198242
14,203125	3,100586
14,203125	2,978516
14,218750	2,868652
14,218750	2,795410
14,234375	2,697754
14,250000	2,624512
14,265625	2,514648
14,265625	2,453613
14,281250	2,380371
14,281250	2,282715
14,296875	2,209473
14,296875	2,124023
14,312500	2,075195
14,328125	2,014160
14,343750	2,014160
14,343750	1,953125
14,359375	1,953125
14,359375	1,904297
14,375000	1,904297
14,375000	1,904297
14,390625	1,940918
14,406250	1,916504
14,421875	2,026367
14,421875	2,062988
14,437500	2,148437
14,437500	2,160645
14,453125	2,258301
14,468750	2,343750
14,484375	2,453613
14,484375	2,490234
14,500000	2,636719
14,500000	2,709961
14,531250	2,868652
14,531250	2,929687
14,546875	3,051758
14,546875	3,161621
14,562500	3,259277
14,562500	3,369141
14,578125	3,479004
14,578125	3,552246
14,593750	3,649902
14,609375	3,747559
14,609375	3,820801
14,625000	3,906250
14,640625	3,955078
14,640625	4,016113
14,656250	4,040527
14,656250	4,089355
14,671875	4,064941
14,687500	4,089355
14,703125	4,089355
14,703125	4,101562
14,718750	4,040527
14,718750	3,991699
14,734375	3,930664
14,750000	3,881836
14,750000	3,759766
14,765625	3,674316
14,781250	3,576660
14,781250	3,503418
14,796875	3,369141
14,796875	3,234863
14,812500	3,173828
14,812500	3,076172
14,843750	2,941895
14,843750	2,844238
14,859375	2,734375
14,859375	2,636719
14,875000	2,539062
14,875000	2,441406
14,890625	2,404785
14,906250	2,331543
14,921875	2,258301
14,921875	2,209473
14,937500	2,172852
14,937500	2,148437
14,953125	2,075195
14,968750	2,087402
14,984375	2,099609
14,984375	2,124023
15,000000	2,111816
15,000000	2,160645
15,015625	2,221680
15,015625	2,294922
15,031250	2,294922
15,046875	2,392578
15,062500	2,441406
15,062500	2,587891
15,078125	2,624512
15,078125	2,734375
15,093750	2,832031
15,093750	2,978516
15,125000	3,051758
15,125000	3,186035
15,140625	3,271484
15,140625	3,405762
15,156250	3,479004
15,156250	3,564453
15,171875	3,674316
15,187500	3,771973
15,203125	3,857422
15,203125	3,894043
15,218750	3,979492
15,218750	4,003906
15,234375	4,040527
15,234375	4,089355
15,250000	4,150391
15,265625	4,125977
15,281250	4,150391
15,281250	4,125977
15,296875	4,162598
15,296875	4,077148
15,312500	4,052734
15,328125	3,979492
15,343750	3,979492
15,343750	3,894043
15,359375	3,820801
15,359375	3,723145
15,375000	3,698730
15,375000	3,552246
15,390625	3,479004
15,406250	3,320312
15,421875	3,259277
15,421875	3,149414
15,437500	3,002930
15,437500	2,905273
15,453125	2,795410
15,468750	2,685547
15,484375	2,600098
15,484375	2,502441
15,500000	2,416992
15,500000	2,331543
15,515625	2,246094
15,515625	2,209473
15,531250	2,136230
15,546875	2,111816
15,562500	2,087402
15,562500	2,099609
15,578125	2,075195
15,578125	2,075195
15,593750	2,075195
15,609375	2,111816
15,609375	2,160645
15,625000	2,209473
15,640625	2,221680
15,640625	2,355957
15,656250	2,416992
15,656250	2,490234
15,671875	2,563477
15,703125	2,648926
15,703125	2,770996
15,718750	2,856445
15,718750	2,905273
15,734375	3,051758
15,734375	3,137207
15,734375	3,234863
15,765625	3,295898
15,765625	3,393555
15,781250	3,491211
15,781250	3,527832
15,796875	3,613281
15,796875	3,710937
15,812500	3,771973
15,828125	3,857422
15,843750	3,930664
15,843750	4,016113
15,859375	4,077148
15,859375	4,101562
15,875000	4,150391
15,875000	4,187012
15,890625	4,211426
15,906250	4,211426
15,921875	4,223633
15,921875	4,272461
15,937500	4,248047
15,937500	4,223633
15,953125	4,150391
15,968750	4,138184
15,984375	4,089355
15,984375	3,991699
16,000000	3,894043
16,000000	3,869629
16,015625	3,759766
16,015625	3,710937
16,031250	3,540039
16,046875	3,479004
16,062500	3,369141
16,062500	3,247070
16,078125	3,112793
16,078125	3,027344
16,093750	2,929687
16,109375	2,844238
16,109375	2,734375
16,125000	2,648926
16,140625	2,563477
16,140625	2,465820
16,156250	2,392578
16,156250	2,319336
16,171875	2,282715
16,187500	2,197266
16,203125	2,221680
16,203125	2,197266
16,218750	2,197266
16,218750	2,148437
16,234375	2,172852
16,234375	2,209473
16,250000	2,270508
16,265625	2,246094
16,281250	2,368164
16,375000	2,404785
16,453125	2,526855
16,593750	2,563477
16,656250	2,673340
16,734375	2,783203
16,734375	2,905273
16,750000	2,978516
16,750000	3,125000
16,765625	3,186035
16,765625	3,320312
16,781250	3,430176
16,781250	3,540039
16,796875	3,637695
16,796875	3,698730
16,812500	3,796387
16,812500	3,820801
16,828125	3,881836
16,828125	3,869629
16,843750	3,918457
16,843750	3,955078
16,843750	3,967285
16,859375	3,930664
16,859375	3,918457
16,875000	3,881836
16,875000	3,869629
16,875000	3,747559
16,890625	3,686523
16,890625	3,613281
16,906250	3,540039
16,906250	3,454590
16,906250	3,320312
16,921875	3,247070
16,921875	3,173828
16,937500	3,027344
16,937500	2,954102
16,953125	2,832031
16,953125	2,722168
16,968750	2,612305
16,984375	2,514648
16,984375	2,453613
17,000000	2,368164
17,000000	2,294922
17,000000	2,246094
17,015625	2,221680
17,015625	2,172852
17,031250	2,111816
17,031250	2,136230
17,046875	2,160645
17,046875	2,172852
17,046875	2,185059
17,062500	2,246094
17,062500	2,319336
17,078125	2,404785
17,078125	2,416992
17,093750	2,514648
17,093750	2,575684
17,109375	2,697754
17,109375	2,758789
17,125000	2,856445
17,125000	2,966309
17,140625	3,100586
17,140625	3,173828
17,140625	3,283691
17,156250	3,369141
17,156250	3,491211
17,171875	3,564453
17,171875	3,625488
17,187500	3,735352
17,187500	3,808594
17,187500	3,894043
17,203125	3,942871
17,203125	4,016113
17,218750	4,003906
17,218750	4,016113
17,234375	4,016113
17,234375	4,052734
17,250000	4,016113
17,250000	3,991699
17,265625	3,955078
17,265625	3,967285
17,281250	3,820801
17,281250	3,796387
17,281250	3,686523
17,296875	3,662109
17,296875	3,552246
17,312500	3,454590
17,312500	3,356934
17,328125	3,332520
17,328125	3,186035
17,343750	3,125000
17,343750	2,990723
17,359375	2,929687
17,359375	2,832031
17,375000	2,722168
17,375000	2,636719
17,390625	2,563477
17,390625	2,478027
17,406250	2,429199
17,406250	2,355957
17,406250	2,282715
17,421875	2,209473
17,421875	2,136230
17,437500	2,111816
17,437500	2,026367
17,453125	2,014160
17,453125	1,977539
17,468750	2,014160
17,468750	1,965332
17,484375	1,965332
17,484375	1,953125
17,500000	1,965332
17,500000	2,001953
17,500000	2,026367
17,515625	2,026367
17,515625	2,136230
17,531250	2,172852
17,531250	2,233887
17,546875	2,258301
17,546875	2,307129
17,562500	2,416992
17,562500	2,478027
17,562500	2,514648
17,578125	2,624512
17,578125	2,697754
17,593750	2,795410
17,593750	2,856445
17,609375	2,941895
17,609375	3,051758
17,625000	3,112793
17,625000	3,186035
17,640625	3,308105
17,640625	3,369141
17,656250	3,479004
17,656250	3,552246
17,671875	3,637695
17,671875	3,723145
17,687500	3,759766
17,687500	3,845215
17,703125	3,906250
17,703125	3,967285
17,703125	4,003906
17,718750	4,077148
17,718750	4,150391
17,718750	4,174805
17,796875	4,199219
17,796875	4,223633
17,812500	4,235840
17,812500	4,235840
17,812500	4,223633
17,828125	4,211426
17,828125	4,223633
17,843750	4,211426
17,843750	4,211426
17,859375	4,101562
17,859375	4,077148
17,875000	4,028320
17,875000	3,979492
17,890625	3,906250
17,890625	3,845215
17,906250	3,784180
17,906250	3,735352
17,921875	3,576660
17,921875	3,515625
17,921875	3,430176
17,937500	3,332520
17,937500	3,210449
17,953125	3,100586
17,953125	3,027344
17,968750	2,941895
17,984375	2,819824
17,984375	2,770996
18,000000	2,661133
18,000000	2,587891
18,015625	2,502441
18,015625	2,429199
18,031250	2,368164
18,046875	2,282715
18,062500	2,221680
18,062500	2,197266
18,078125	2,172852
18,078125	2,111816
18,093750	2,075195
18,109375	2,062988
18,125000	2,075195
18,125000	2,014160
18,140625	2,026367
18,140625	2,026367
18,156250	2,087402
18,156250	2,062988
18,171875	2,099609
18,187500	2,136230
18,203125	2,209473
18,203125	2,233887
18,218750	2,307129
18,218750	2,319336
18,234375	2,465820
18,234375	2,502441
18,265625	2,575684
18,265625	2,636719
18,281250	2,734375
18,281250	2,844238
18,296875	2,917480
18,296875	2,954102
18,312500	3,112793
18,328125	3,186035
18,343750	3,271484
18,343750	3,344727
18,359375	3,442383
18,359375	3,540039
18,375000	3,576660
18,375000	3,637695
18,390625	3,747559
18,406250	3,784180
18,421875	3,869629
18,421875	3,930664
18,437500	4,003906
18,437500	4,052734
18,453125	4,064941
18,468750	4,125977
18,484375	4,162598
18,484375	4,187012
18,500000	4,199219
18,500000	4,248047
18,515625	4,309082
18,515625	4,296875
18,531250	4,284668
18,546875	4,309082
18,562500	4,321289
18,562500	4,309082
18,578125	4,235840
18,578125	4,223633
18,593750	4,199219
18,593750	4,150391
18,625000	4,089355
18,625000	3,991699
18,640625	3,918457
18,640625	3,857422
18,656250	3,735352
18,656250	3,625488
18,671875	3,540039
18,687500	3,430176
18,703125	3,332520
18,703125	3,186035
18,718750	3,100586
18,718750	3,015137
18,734375	2,880859
18,734375	2,770996
18,765625	2,661133
18,765625	2,575684
18,781250	2,478027
18,781250	2,429199
18,796875	2,380371
18,796875	2,319336
18,812500	2,233887
18,828125	2,221680
18,843750	2,185059
18,843750	2,185059
18,859375	2,136230
18,859375	2,197266
18,875000	2,221680
18,875000	2,282715
18,890625	2,282715
18,906250	2,355957
18,921875	2,453613
18,921875	2,539062
18,937500	2,575684
18,937500	2,734375
18,953125	2,783203
18,968750	2,954102
18,984375	3,015137
18,984375	3,137207
19,000000	3,259277
19,000000	3,393555
19,015625	3,491211
19,015625	3,588867
19,031250	3,662109
19,046875	3,723145
19,062500	3,808594
19,062500	3,881836
19,078125	3,942871
19,078125	3,942871
19,093750	4,016113
19,109375	4,003906
19,125000	4,028320
19,125000	3,930664
19,140625	3,942871
19,140625	3,930664
19,156250	3,894043
19,156250	3,796387
19,171875	3,747559
19,187500	3,674316
19,203125	3,637695
19,203125	3,479004
19,218750	3,405762
19,218750	3,283691
19,234375	3,198242
19,234375	3,063965
19,265625	2,941895
19,265625	2,856445
19,281250	2,783203
19,281250	2,661133
19,296875	2,587891
19,296875	2,502441
19,312500	2,404785
19,328125	2,319336
19,343750	2,294922
19,343750	2,294922
19,359375	2,233887
19,359375	2,233887
19,375000	2,246094
19,375000	2,319336
19,390625	2,294922
19,406250	2,319336
19,421875	2,392578
19,421875	2,465820
19,437500	2,539062
19,437500	2,624512
19,453125	2,709961
19,468750	2,844238
19,484375	2,929687
19,484375	3,027344
19,500000	3,149414
19,500000	3,222656
19,515625	3,356934
19,515625	3,442383
19,531250	3,515625
19,546875	3,613281
19,562500	3,710937
19,562500	3,796387
19,578125	3,857422
19,578125	3,906250
19,593750	3,930664
19,593750	3,930664
19,625000	3,942871
19,625000	3,955078
19,640625	3,906250
19,640625	3,894043
19,656250	3,857422
19,656250	3,820801
19,671875	3,686523
19,687500	3,649902
19,703125	3,540039
19,703125	3,454590
19,718750	3,332520
19,718750	3,210449
19,734375	3,112793
19,734375	3,015137
19,765625	2,880859
19,765625	2,819824
19,781250	2,697754
19,781250	2,587891
19,796875	2,514648
19,796875	2,416992
19,812500	2,343750
19,828125	2,258301
19,843750	2,209473
19,843750	2,185059
19,859375	2,197266
19,859375	2,160645
19,875000	2,172852
19,875000	2,197266
19,890625	2,258301
19,906250	2,233887
19,921875	2,294922
19,921875	2,343750
19,937500	2,478027
19,937500	2,514648
19,953125	2,600098
19,968750	2,709961
19,984375	2,832031
19,984375	2,941895
20,000000	3,039551
20,000000	3,125000
20,015625	3,259277
20,015625	3,344727
20,031250	3,454590
20,046875	3,564453
20,062500	3,649902
20,062500	3,759766
20,078125	3,808594
20,078125	3,881836
20,093750	3,906250
20,109375	3,967285
20,125000	3,991699
20,125000	4,052734
20,140625	4,052734
20,140625	4,052734
20,156250	4,016113
20,156250	4,052734
20,171875	3,967285
20,187500	3,930664
20,203125	3,833008
20,203125	3,820801
20,218750	3,735352
20,218750	3,625488
20,234375	3,515625
20,234375	3,454590
20,265625	3,332520
20,265625	3,259277
20,281250	3,125000
20,281250	3,063965
20,296875	2,954102
20,296875	2,868652
20,312500	2,819824
20,328125	2,709961
20,343750	2,624512
20,343750	2,563477
20,359375	2,465820
20,359375	2,392578
20,375000	2,319336
20,375000	2,246094
20,390625	2,209473
20,406250	2,136230
20,421875	2,111816
20,421875	2,050781
20,437500	2,038574
20,437500	2,001953
20,453125	1,953125
20,468750	1,928711
20,484375	1,928711
20,484375	1,953125
20,500000	1,965332
20,500000	1,977539
20,515625	2,038574
20,515625	2,075195
20,531250	2,136230
20,546875	2,185059
20,562500	2,233887
20,562500	2,368164
20,578125	2,429199
20,578125	2,514648
20,593750	2,624512
20,593750	2,722168
20,625000	2,856445
20,625000	2,954102
20,640625	3,039551
20,640625	3,173828
20,656250	3,247070
20,656250	3,356934
20,671875	3,442383
20,687500	3,552246
20,703125	3,637695
20,703125	3,710937
20,718750	3,808594
20,718750	3,857422
20,734375	3,881836
20,750000	3,942871
20,765625	4,003906
20,765625	4,028320
20,781250	4,040527
20,781250	4,040527
20,796875	4,089355
20,796875	4,040527
20,812500	4,040527
20,828125	3,942871
20,843750	3,955078
20,843750	3,906250
20,859375	3,845215
20,859375	3,735352
20,875000	3,686523
20,875000	3,576660
20,890625	3,527832
20,906250	3,344727
20,921875	3,283691
20,921875	3,173828
20,937500	3,051758
20,937500	2,929687
20,953125	2,807617
20,968750	2,722168
20,984375	2,636719
20,984375	2,539062
21,000000	2,478027
21,000000	2,392578
21,015625	2,294922
21,015625	2,246094
21,031250	2,172852
21,046875	2,160645
21,062500	2,099609
21,062500	2,111816
21,078125	2,099609
21,078125	2,099609
21,093750	2,075195
21,109375	2,087402
21,125000	2,136230
21,125000	2,197266
21,140625	2,160645
21,140625	2,258301
21,156250	2,307129
21,156250	2,441406
21,171875	2,490234
21,187500	2,575684
21,203125	2,697754
21,203125	2,819824
21,218750	2,905273
21,218750	3,027344
21,234375	3,100586
21,234375	3,247070
21,265625	3,356934
21,265625	3,466797
21,281250	3,576660
21,281250	3,662109
21,296875	3,759766
21,296875	3,808594
21,312500	3,857422
21,328125	3,881836
21,343750	3,955078
21,343750	3,979492
21,359375	4,003906
21,359375	4,003906
21,375000	3,955078
21,375000	3,942871
21,390625	3,930664
21,406250	3,845215
21,421875	3,784180
21,421875	3,723145
21,437500	3,662109
21,437500	3,588867
21,453125	3,466797
21,468750	3,381348
21,484375	3,295898
21,484375	3,173828
21,500000	3,063965
21,500000	2,941895
21,515625	2,844238
21,515625	2,746582
21,531250	2,648926
21,546875	2,600098
21,562500	2,502441
21,562500	2,416992
21,578125	2,380371
21,578125	2,331543
21,593750	2,282715
21,609375	2,209473
21,625000	2,221680
21,625000	2,221680
21,640625	2,270508
21,640625	2,233887
21,656250	2,270508
21,656250	2,319336
21,671875	2,380371
21,687500	2,368164
21,703125	2,478027
21,703125	2,514648
21,718750	2,661133
21,718750	2,697754
21,734375	2,783203
21,750000	2,905273
21,765625	3,015137
21,765625	3,100586
21,781250	3,210449
21,781250	3,283691
21,796875	3,417969
21,796875	3,479004
21,812500	3,588867
21,828125	3,686523
21,843750	3,747559
21,843750	3,845215
21,859375	3,906250
21,859375	3,967285
21,875000	3,991699
21,875000	4,040527
21,890625	4,064941
21,906250	4,125977
21,921875	4,138184
21,921875	4,150391
21,937500	4,138184
21,937500	4,199219
21,953125	4,150391
21,968750	4,125977
21,984375	4,077148
21,984375	4,089355
22,000000	4,052734
22,000000	3,979492
22,015625	3,930664
22,015625	3,930664
22,031250	3,820801
22,046875	3,771973
22,062500	3,625488
22,062500	3,625488
22,078125	3,540039
22,078125	3,430176
22,093750	3,344727
22,093750	3,259277
22,125000	3,161621
22,125000	3,100586
22,140625	2,954102
22,140625	2,880859
22,156250	2,795410
22,156250	2,709961
22,171875	2,612305
22,187500	2,502441
22,203125	2,453613
22,203125	2,392578
22,218750	2,319336
22,218750	2,258301
22,234375	2,185059
22,234375	2,111816
22,250000	2,075195
22,265625	2,026367
22,281250	2,014160
22,281250	1,989746
22,296875	1,965332
22,296875	1,953125
22,312500	1,928711
22,328125	1,916504
22,343750	1,892090
22,343750	1,928711
22,359375	1,953125
22,359375	1,953125
22,375000	1,977539
22,375000	2,026367
22,390625	2,075195
22,406250	2,099609
22,421875	2,099609
22,421875	2,233887
22,437500	2,270508
22,437500	2,368164
22,453125	2,429199
22,468750	2,502441
22,484375	2,612305
22,484375	2,697754
22,500000	2,746582
22,500000	2,880859
22,515625	2,941895
22,515625	3,076172
22,531250	3,137207
22,546875	3,210449
22,562500	3,308105
22,562500	3,430176
22,578125	3,503418
22,578125	3,588867
22,593750	3,662109
22,609375	3,759766
22,625000	3,796387
22,625000	3,857422
22,640625	3,930664
22,640625	3,979492
22,656250	4,064941
22,656250	4,101562
22,671875	4,150391
22,687500	4,162598
22,703125	4,199219
22,703125	4,223633
22,718750	4,272461
22,718750	4,260254
22,734375	4,284668
22,750000	4,272461
22,765625	4,309082
22,765625	4,223633
22,781250	4,223633
22,781250	4,187012
22,796875	4,211426
22,796875	4,150391
22,812500	4,089355
22,828125	4,028320
22,843750	4,040527
22,843750	3,906250
22,859375	3,869629
22,859375	3,747559
22,875000	3,723145
22,875000	3,625488
22,890625	3,527832
22,906250	3,430176
22,921875	3,393555
22,921875	3,259277
22,937500	3,210449
22,937500	3,063965
22,953125	3,015137
22,968750	2,917480
22,984375	2,832031
22,984375	2,746582
23,000000	2,673340
23,000000	2,600098
23,015625	2,526855
23,015625	2,441406
23,031250	2,380371
23,046875	2,307129
23,062500	2,233887
23,062500	2,197266
23,078125	2,111816
23,078125	2,087402
23,093750	2,050781
23,109375	2,026367
23,125000	1,977539
23,125000	1,928711
23,140625	1,879883
23,140625	1,879883
23,156250	1,855469
23,156250	1,867676
23,171875	1,855469
23,187500	1,904297
23,203125	1,928711
23,203125	1,953125
23,218750	1,965332
23,218750	2,001953
23,234375	2,099609
23,234375	2,160645
23,265625	2,209473
23,265625	2,319336
23,281250	2,392578
23,281250	2,514648
23,296875	2,587891
23,296875	2,673340
23,312500	2,807617
23,328125	2,880859
23,343750	3,015137
23,343750	3,125000
23,359375	3,198242
23,359375	3,332520
23,375000	3,442383
23,375000	3,540039
23,390625	3,625488
23,406250	3,698730
23,421875	3,796387
23,421875	3,845215
23,437500	3,906250
23,437500	3,918457
23,453125	3,967285
23,468750	4,040527
23,484375	4,028320
23,484375	4,016113
23,500000	3,955078
23,500000	3,967285
23,515625	3,930664
23,515625	3,857422
23,531250	3,759766
23,546875	3,698730
23,562500	3,613281
23,562500	3,564453
23,578125	3,381348
23,578125	3,332520
23,593750	3,222656
23,593750	3,088379
23,625000	2,978516
23,625000	2,856445
23,640625	2,746582
23,640625	2,661133
23,656250	2,563477
23,656250	2,502441
23,671875	2,441406
23,687500	2,331543
23,703125	2,270508
23,703125	2,233887
23,718750	2,197266
23,718750	2,111816
23,734375	2,172852
23,750000	2,172852
23,765625	2,221680
23,765625	2,197266
23,781250	2,258301
23,781250	2,331543
23,796875	2,416992
23,796875	2,416992
23,812500	2,551270
23,828125	2,624512
23,843750	2,770996
23,843750	2,832031
23,859375	2,966309
23,859375	3,076172
23,875000	3,186035
23,875000	3,283691
23,890625	3,393555
23,906250	3,466797
23,921875	3,576660
23,921875	3,662109
23,937500	3,747559
23,937500	3,845215
23,953125	3,869629
23,968750	3,942871
23,984375	3,955078
23,984375	3,991699
24,000000	3,955078
24,000000	3,979492
24,015625	3,967285
24,015625	3,967285
24,031250	3,918457
24,046875	3,881836
24,062500	3,808594
24,062500	3,771973
24,078125	3,625488
24,078125	3,540039
24,093750	3,430176
24,109375	3,356934
24,125000	3,222656
24,125000	3,088379
24,140625	3,015137
24,140625	2,917480
24,156250	2,783203
24,156250	2,722168
24,171875	2,600098
24,187500	2,514648
24,203125	2,404785
24,203125	2,368164
24,218750	2,343750
24,218750	2,270508
24,234375	2,246094
24,250000	2,221680
24,265625	2,246094
24,265625	2,221680
24,281250	2,185059
24,281250	2,246094
24,296875	2,282715
24,296875	2,343750
24,312500	2,404785
24,328125	2,453613
24,343750	2,587891
24,343750	2,685547
24,359375	2,758789
24,359375	2,893066
24,375000	2,966309
24,375000	3,125000
24,390625	3,222656
24,406250	3,320312
24,421875	3,442383
24,421875	3,540039
24,437500	3,662109
24,437500	3,759766
24,453125	3,833008
24,468750	3,881836
24,484375	3,930664
24,484375	3,979492
24,500000	4,028320
24,500000	4,016113
24,515625	4,040527
24,515625	4,003906
24,531250	4,040527
24,546875	3,942871
24,562500	3,906250
24,562500	3,820801
24,578125	3,784180
24,578125	3,674316
24,593750	3,588867
24,593750	3,479004
24,625000	3,442383
24,625000	3,295898
24,640625	3,210449
24,640625	3,063965
24,656250	2,978516
24,656250	2,868652
24,671875	2,746582
24,687500	2,636719
24,703125	2,551270
24,703125	2,465820
24,718750	2,392578
24,718750	2,331543
24,734375	2,258301
24,734375	2,221680
24,750000	2,172852
24,765625	2,172852
24,781250	2,099609
24,781250	2,136230
24,796875	2,124023
24,796875	2,233887
24,812500	2,221680
24,828125	2,282715
24,843750	2,343750
24,843750	2,429199
24,859375	2,490234
24,859375	2,600098
24,875000	2,661133
24,875000	2,832031
24,890625	2,917480
24,906250	3,002930
24,921875	3,100586
24,921875	3,234863
24,937500	3,344727
24,937500	3,405762
24,953125	3,479004
24,968750	3,601074
24,984375	3,674316
24,984375	3,771973
25,000000	3,857422
25,000000	3,942871
25,015625	4,003906
25,015625	4,028320
25,031250	4,077148
25,046875	4,138184
25,062500	4,174805
25,062500	4,211426
25,078125	4,284668
25,078125	4,333496
25,093750	4,357910
25,093750	4,345703
25,125000	4,382324
25,125000	4,357910
25,140625	4,345703
25,140625	4,284668
25,156250	4,296875
25,156250	4,284668
25,171875	4,211426
25,187500	4,150391
25,203125	4,064941
25,203125	4,016113
25,218750	3,942871
25,218750	3,808594
25,234375	3,735352
25,234375	3,649902
25,250000	3,540039
25,265625	3,454590
25,281250	3,295898
25,281250	3,222656
25,296875	3,137207
25,296875	3,002930
25,312500	2,880859
25,328125	2,758789
25,343750	2,673340
25,343750	2,575684
25,359375	2,478027
25,359375	2,441406
25,375000	2,355957
25,375000	2,282715
25,390625	2,246094
25,406250	2,172852
25,421875	2,148437
25,421875	2,087402
25,437500	2,136230
25,437500	2,136230
25,453125	2,148437
25,468750	2,160645
25,484375	2,209473
25,484375	2,270508
25,500000	2,331543
25,500000	2,343750
25,515625	2,490234
25,515625	2,539062
25,531250	2,685547
25,546875	2,746582
25,562500	2,844238
25,562500	2,978516
25,578125	3,112793
25,578125	3,186035
25,593750	3,320312
25,609375	3,381348
25,625000	3,527832
25,625000	3,601074
25,640625	3,698730
25,640625	3,796387
25,656250	3,881836
25,656250	3,967285
25,671875	4,040527
25,687500	4,077148
25,703125	4,101562
25,718750	4,150391
25,734375	4,162598
25,734375	4,199219
25,750000	4,150391
25,750000	4,187012
25,750000	4,138184
25,765625	4,138184
25,781250	4,028320
25,781250	3,979492
25,796875	3,894043
25,796875	3,857422
25,812500	3,735352
25,828125	3,649902
25,843750	3,564453
25,843750	3,491211
25,859375	3,308105
25,859375	3,210449
25,875000	3,076172
25,875000	2,978516
25,890625	2,856445
25,906250	2,734375
25,921875	2,661133
25,921875	2,575684
25,937500	2,465820
25,937500	2,404785
25,953125	2,319336
25,968750	2,233887
25,984375	2,172852
25,984375	2,148437
26,000000	2,148437
26,000000	2,099609
26,015625	2,136230
26,015625	2,148437
26,031250	2,221680
26,046875	2,221680
26,062500	2,258301
26,062500	2,343750
26,078125	2,416992
26,078125	2,490234
26,093750	2,600098
26,109375	2,648926
26,125000	2,807617
26,125000	2,929687
26,140625	3,015137
26,140625	3,125000
26,156250	3,234863
26,156250	3,356934
26,171875	3,442383
26,187500	3,515625
26,203125	3,625488
26,203125	3,723145
26,218750	3,820801
26,218750	3,894043
26,234375	3,955078
26,250000	4,003906
26,265625	4,040527
26,265625	4,077148
26,281250	4,113770
26,281250	4,125977
26,296875	4,138184
26,296875	4,138184
26,312500	4,174805
26,328125	4,077148
26,343750	4,064941
26,343750	4,016113
26,359375	3,991699
26,359375	3,918457
26,375000	3,808594
26,375000	3,735352
26,390625	3,686523
26,406250	3,540039
26,421875	3,479004
26,421875	3,356934
26,437500	3,271484
26,437500	3,161621
26,453125	3,051758
26,468750	2,929687
26,484375	2,856445
26,484375	2,746582
26,500000	2,685547
26,500000	2,575684
26,515625	2,490234
26,515625	2,416992
26,531250	2,343750
26,546875	2,258301
26,562500	2,185059
26,562500	2,148437
26,578125	2,087402
26,578125	2,075195
26,593750	2,026367
26,609375	2,001953
26,625000	1,965332
26,625000	1,977539
26,640625	1,928711
26,640625	1,953125
26,656250	1,940918
26,656250	2,038574
26,671875	2,038574
26,687500	2,087402
26,703125	2,124023
26,703125	2,197266
26,718750	2,258301
26,718750	2,331543
26,734375	2,355957
26,750000	2,539062
26,750000	2,587891
26,765625	2,722168
26,781250	2,795410
26,781250	2,929687
26,796875	3,051758
26,796875	3,149414
26,812500	3,234863
26,828125	3,369141
26,843750	3,454590
26,843750	3,576660
26,859375	3,649902
26,859375	3,759766
26,875000	3,833008
26,875000	3,869629
26,890625	3,955078
26,906250	4,028320
26,921875	4,064941
26,921875	4,113770
26,937500	4,174805
26,937500	4,223633
26,953125	4,223633
26,968750	4,211426
26,984375	4,248047
26,984375	4,223633
27,000000	4,223633
27,000000	4,162598
27,015625	4,162598
27,015625	4,150391
27,031250	4,113770
27,046875	4,040527
27,062500	3,979492
27,062500	3,918457
27,078125	3,881836
27,078125	3,747559
27,093750	3,674316
27,093750	3,601074
27,125000	3,515625
27,125000	3,430176
27,140625	3,295898
27,140625	3,234863
27,156250	3,161621
27,156250	3,039551
27,171875	2,954102
27,187500	2,832031
27,203125	2,746582
27,203125	2,661133
27,218750	2,551270
27,218750	2,478027
27,234375	2,416992
27,250000	2,319336
27,250000	2,246094
27,265625	2,172852
27,281250	2,111816
27,281250	2,038574
27,296875	2,014160
27,296875	2,001953
27,312500	1,940918
27,328125	1,916504
27,343750	1,904297
27,343750	1,916504
27,359375	1,916504
27,359375	1,867676
27,375000	1,916504
27,375000	1,940918
27,390625	1,989746
27,406250	2,014160
27,421875	2,062988
27,421875	2,136230
27,437500	2,233887
27,437500	2,258301
27,453125	2,355957
27,468750	2,404785
27,484375	2,575684
27,484375	2,612305
27,500000	2,709961
27,500000	2,795410
27,515625	2,941895
27,515625	3,027344
27,531250	3,137207
27,546875	3,198242
27,562500	3,344727
27,562500	3,393555
27,578125	3,491211
27,578125	3,601074
27,593750	3,698730
27,609375	3,796387
27,625000	3,881836
27,625000	3,942871
27,640625	4,003906
27,640625	4,052734
27,656250	4,101562
27,656250	4,162598
27,671875	4,223633
27,687500	4,248047
27,703125	4,260254
27,703125	4,333496
27,718750	4,284668
27,718750	4,284668
27,734375	4,260254
27,734375	4,296875
27,765625	4,272461
27,765625	4,235840
27,781250	4,174805
27,781250	4,199219
27,796875	4,101562
27,796875	4,077148
27,812500	3,942871
27,828125	3,942871
27,843750	3,894043
27,843750	3,796387
27,859375	3,698730
27,859375	3,649902
27,875000	3,540039
27,875000	3,515625
27,890625	3,356934
27,906250	3,283691
27,921875	3,186035
27,921875	3,088379
27,937500	2,990723
27,937500	2,868652
27,953125	2,795410
27,968750	2,734375
27,984375	2,612305
27,984375	2,539062
28,000000	2,441406
28,000000	2,355957
28,015625	2,282715
28,015625	2,209473
28,062500	2,160645
28,062500	2,111816
28,078125	2,062988
28,093750	2,014160
28,093750	1,965332
28,109375	1,916504
28,109375	1,867676
28,125000	1,879883
28,125000	1,904297
28,140625	1,892090
28,140625	1,892090
28,156250	1,940918
28,156250	1,977539
28,171875	2,014160
28,171875	2,014160
28,187500	2,111816
28,203125	2,172852
28,203125	2,270508
28,218750	2,319336
28,218750	2,404785
28,234375	2,539062
28,234375	2,648926
28,250000	2,734375
28,265625	2,868652
28,281250	2,966309
28,281250	3,112793
28,296875	3,210449
28,296875	3,295898
28,312500	3,442383
28,328125	3,564453
28,343750	3,674316
28,343750	3,759766
28,359375	3,833008
28,359375	3,881836
28,375000	3,942871
28,390625	3,979492
28,390625	4,016113
28,406250	4,003906
28,421875	4,077148
28,421875	4,028320
28,437500	4,040527
28,437500	3,906250
28,453125	3,894043
28,468750	3,833008
28,484375	3,796387
28,484375	3,674316
28,500000	3,588867
28,500000	3,503418
28,515625	3,454590
28,515625	3,283691
28,531250	3,210449
28,546875	3,088379
28,562500	2,990723
28,562500	2,868652
28,578125	2,746582
28,578125	2,648926
28,593750	2,551270
28,609375	2,453613
28,625000	2,392578
28,625000	2,331543
28,640625	2,233887
28,640625	2,185059
28,656250	2,160645
28,656250	2,148437
28,671875	2,099609
28,687500	2,148437
28,703125	2,148437
28,703125	2,246094
28,718750	2,233887
28,718750	2,319336
28,734375	2,392578
28,734375	2,514648
28,765625	2,563477
28,765625	2,673340
28,781250	2,746582
28,781250	2,893066
28,796875	2,990723
28,796875	3,100586
28,812500	3,210449
28,828125	3,320312
28,843750	3,442383
28,843750	3,515625
28,859375	3,576660
28,859375	3,686523
28,875000	3,784180
28,875000	3,857422
28,890625	3,930664
28,906250	3,979492
28,921875	4,016113
28,921875	4,028320
28,937500	4,064941
28,937500	4,052734
28,953125	4,040527
28,968750	4,003906
28,984375	3,991699
28,984375	3,955078
29,000000	3,857422
29,000000	3,796387
29,015625	3,723145
29,015625	3,601074
29,031250	3,515625
29,046875	3,369141
29,062500	3,271484
29,062500	3,137207
29,078125	3,002930
29,078125	2,929687
29,093750	2,807617
29,093750	2,697754
29,125000	2,612305
29,125000	2,502441
29,140625	2,404785
29,140625	2,319336
29,156250	2,246094
29,156250	2,209473
29,171875	2,172852
29,187500	2,148437
29,203125	2,148437
29,203125	2,160645
29,218750	2,197266
29,218750	2,172852
29,234375	2,221680
29,250000	2,270508
29,250000	2,392578
29,265625	2,441406
29,281250	2,526855
29,281250	2,636719
29,296875	2,770996
29,296875	2,880859
29,312500	2,978516
29,328125	3,088379
29,343750	3,234863
29,343750	3,320312
29,359375	3,430176
29,359375	3,552246
29,375000	3,649902
29,390625	3,759766
29,390625	3,820801
29,406250	3,918457
29,421875	3,918457
29,421875	3,979492
29,437500	3,979492
29,437500	4,028320
29,453125	4,016113
29,468750	3,991699
29,484375	3,955078
29,484375	3,967285
29,500000	3,845215
29,500000	3,808594
29,515625	3,674316
29,515625	3,649902
29,531250	3,540039
29,546875	3,417969
29,562500	3,295898
29,562500	3,234863
29,578125	3,100586
29,578125	3,015137
29,593750	2,880859
29,609375	2,795410
29,625000	2,685547
29,625000	2,587891
29,640625	2,502441
29,640625	2,392578
29,656250	2,355957
29,656250	2,294922
29,671875	2,282715
29,687500	2,221680
29,703125	2,197266
29,703125	2,185059
29,718750	2,221680
29,718750	2,197266
29,734375	2,246094
29,734375	2,246094
29,765625	2,380371
29,765625	2,404785
29,781250	2,490234
29,781250	2,526855
29,796875	2,636719
29,796875	2,746582
29,812500	2,844238
29,828125	2,905273
29,843750	3,051758
29,843750	3,149414
29,859375	3,283691
29,859375	3,381348
29,875000	3,503418
29,875000	3,625488
29,890625	3,698730
29,906250	3,796387
29,921875	3,881836
29,921875	3,930664
29,937500	3,979492
29,937500	4,064941
29,953125	4,101562
29,968750	4,113770
29,984375	4,101562
29,984375	4,113770
30,000000	4,089355
30,000000	4,077148
30,015625	3,991699
30,015625	3,967285
30,031250	3,967285
30,046875	3,894043
30,062500	3,833008
30,062500	3,759766
30,078125	3,735352
30,078125	3,674316
30,093750	3,576660
30,109375	3,503418
30,125000	3,466797
30,125000	3,393555
30,140625	3,332520
30,140625	3,198242
30,156250	3,149414
30,156250	3,063965
30,171875	2,941895
30,187500	2,832031
30,203125	2,722168
30,203125	2,624512
30,218750	2,526855
30,218750	2,429199
30,234375	2,368164
30,234375	2,307129
30,265625	2,209473
30,265625	2,148437
30,281250	2,099609
30,281250	2,075195
30,296875	2,001953
30,296875	2,087402
30,312500	2,075195
30,328125	2,111816
30,343750	2,111816
30,343750	2,172852
30,359375	2,221680
30,359375	2,319336
30,375000	2,307129
30,390625	2,478027
30,390625	2,539062
30,406250	2,673340
30,421875	2,734375
30,421875	2,868652
30,437500	2,978516
30,437500	3,100586
30,453125	3,149414
30,468750	3,283691
30,484375	3,356934
30,484375	3,479004
30,500000	3,588867
30,500000	3,674316
30,515625	3,759766
30,515625	3,833008
30,531250	3,930664
30,546875	3,967285
30,562500	4,016113
30,562500	4,003906
30,578125	4,064941
30,578125	4,077148
30,593750	4,089355
30,609375	4,016113
30,625000	4,016113
30,625000	3,942871
30,640625	3,942871
30,640625	3,771973
30,656250	3,735352
30,656250	3,637695
30,671875	3,552246
30,687500	3,417969
30,703125	3,295898
30,703125	3,198242
30,718750	3,137207
30,718750	2,990723
30,734375	2,905273
30,734375	2,783203
30,765625	2,685547
30,765625	2,575684
30,781250	2,490234
30,781250	2,441406
30,796875	2,368164
30,796875	2,307129
30,812500	2,270508
30,828125	2,233887
30,843750	2,172852
30,843750	2,124023
30,859375	2,148437
30,859375	2,172852
30,875000	2,148437
30,890625	2,172852
30,890625	2,197266
30,906250	2,307129
30,921875	2,343750
30,921875	2,368164
30,937500	2,453613
30,937500	2,539062
30,953125	2,648926
30,968750	2,734375
30,984375	2,819824
30,984375	2,941895
31,000000	3,063965
31,000000	3,173828
31,015625	3,295898
31,015625	3,393555
31,031250	3,527832
31,046875	3,613281
31,062500	3,674316
31,062500	3,771973
31,078125	3,869629
31,078125	3,955078
31,093750	4,003906
31,109375	4,089355
31,125000	4,089355
31,125000	4,101562
31,140625	4,138184
31,140625	4,150391
31,156250	4,113770
31,156250	4,113770
31,171875	4,101562
31,187500	4,101562
31,203125	3,991699
31,203125	3,930664
31,218750	3,869629
31,218750	3,808594
31,234375	3,710937
31,234375	3,601074
31,265625	3,491211
31,265625	3,430176
31,281250	3,283691
31,281250	3,222656
31,296875	3,063965
31,296875	2,978516
31,312500	2,868652
31,328125	2,746582
31,343750	2,636719
31,343750	2,551270
31,359375	2,453613
31,359375	2,392578
31,375000	2,331543
31,375000	2,246094
31,390625	2,197266
31,406250	2,148437
31,421875	2,124023
31,421875	2,050781
31,437500	2,062988
31,437500	2,038574
31,453125	2,124023
31,468750	2,099609
31,484375	2,136230
31,484375	2,160645
31,500000	2,270508
31,500000	2,294922
31,515625	2,368164
31,515625	2,392578
31,531250	2,551270
31,546875	2,624512
31,562500	2,722168
31,562500	2,807617
31,578125	2,941895
31,578125	3,051758
31,593750	3,137207
31,593750	3,198242
31,625000	3,344727
31,625000	3,442383
31,640625	3,540039
31,640625	3,649902
31,656250	3,747559
31,656250	3,820801
31,671875	3,881836
31,687500	3,955078
31,703125	4,003906
31,703125	4,028320
31,718750	4,052734
31,718750	4,125977
31,734375	4,150391
31,734375	4,162598
31,765625	4,150391
31,765625	4,174805
31,781250	4,150391
31,781250	4,138184
31,796875	4,077148
31,796875	4,089355
31,812500	4,052734
31,828125	4,003906
31,843750	3,942871
31,843750	3,906250
31,859375	3,845215
31,859375	3,796387
31,875000	3,649902
31,890625	3,601074
31,890625	3,527832
31,906250	3,454590
31,921875	3,344727
31,921875	3,222656
31,937500	3,161621
31,937500	3,076172
31,953125	2,954102
31,968750	2,856445
31,984375	2,758789
31,984375	2,685547
32,000000	2,587891
32,000000	2,490234
32,015625	2,441406
32,015625	2,392578
32,031250	2,294922
32,046875	2,233887
32,062500	2,160645
32,062500	2,099609
32,078125	2,026367
32,078125	2,001953
32,093750	1,977539
32,109375	1,953125
32,125000	1,904297
32,125000	1,904297
32,140625	1,892090
32,140625	1,879883
32,156250	1,855469
32,156250	1,904297
32,171875	1,916504
32,187500	1,977539
32,203125	1,965332
32,203125	2,014160
32,218750	2,099609
32,218750	2,160645
32,234375	2,160645
32,250000	2,258301
32,250000	2,307129
32,265625	2,453613
32,281250	2,465820
32,281250	2,551270
32,296875	2,648926
32,296875	2,783203
32,312500	2,819824
32,328125	2,917480
32,343750	2,966309
32,343750	3,112793
32,359375	3,173828
32,359375	3,259277
32,375000	3,344727
32,375000	3,454590
32,390625	3,540039
32,406250	3,601074
32,421875	3,662109
32,421875	3,771973
32,437500	3,833008
32,437500	3,894043
32,453125	3,967285
32,468750	4,040527
32,484375	4,113770
32,484375	4,162598
32,500000	4,223633
32,500000	4,248047
32,515625	4,272461
32,515625	4,284668
32,531250	4,345703
32,546875	4,345703
32,562500	4,357910
32,562500	4,321289
32,578125	4,345703
32,578125	4,284668
32,593750	4,272461
32,609375	4,162598
32,625000	4,174805
32,625000	4,101562
32,640625	4,028320
32,640625	3,942871
32,656250	3,906250
32,656250	3,784180
32,671875	3,735352
32,687500	3,588867
32,703125	3,527832
32,703125	3,454590
32,718750	3,344727
32,718750	3,234863
32,734375	3,149414
32,734375	3,063965
32,765625	2,990723
32,765625	2,868652
32,781250	2,770996
32,781250	2,685547
32,796875	2,600098
32,796875	2,514648
32,812500	2,416992
32,828125	2,355957
32,843750	2,307129
32,843750	2,221680
32,859375	2,160645
32,859375	2,099609
32,875000	2,038574
32,875000	1,977539
32,890625	1,940918
32,906250	1,928711
32,921875	1,904297
32,921875	1,879883
32,937500	1,867676
32,937500	1,855469
32,953125	1,831055
32,968750	1,818848
32,984375	1,855469
32,984375	1,879883
33,000000	1,904297
33,000000	1,928711
33,015625	1,977539
33,015625	2,014160
33,031250	2,062988
33,046875	2,062988
33,062500	2,160645
33,062500	2,221680
33,078125	2,294922
33,078125	2,331543
33,093750	2,404785
33,093750	2,502441
33,125000	2,600098
33,125000	2,636719
33,140625	2,734375
33,140625	2,795410
33,156250	2,917480
33,156250	2,966309
33,171875	3,051758
33,187500	3,149414
33,203125	3,271484
33,203125	3,332520
33,218750	3,430176
33,218750	3,491211
33,234375	3,613281
33,250000	3,674316
33,250000	3,747559
33,265625	3,845215
33,281250	3,930664
33,281250	4,016113
33,296875	4,064941
33,296875	4,138184
33,312500	4,162598
33,328125	4,211426
33,343750	4,235840
33,343750	4,309082
33,359375	4,296875
33,359375	4,321289
33,375000	4,309082
33,375000	4,333496
33,390625	4,235840
33,406250	4,235840
33,421875	4,150391
33,421875	4,150391
33,437500	4,052734
33,437500	3,967285
33,453125	3,869629
33,468750	3,857422
33,484375	3,710937
33,484375	3,625488
33,500000	3,454590
33,500000	3,381348
33,515625	3,259277
33,515625	3,137207
33,531250	3,015137
33,546875	2,917480
33,562500	2,819824
33,562500	2,722168
33,578125	2,636719
33,578125	2,526855
33,593750	2,441406
33,609375	2,368164
33,625000	2,331543
33,625000	2,246094
33,640625	2,233887
33,640625	2,197266
33,656250	2,233887
33,656250	2,197266
33,671875	2,209473
33,687500	2,197266
33,703125	2,270508
33,703125	2,294922
33,718750	2,343750
33,718750	2,392578
33,734375	2,526855
33,734375	2,587891
33,765625	2,697754
33,765625	2,758789
33,781250	2,880859
33,781250	3,015137
33,796875	3,100586
33,796875	3,173828
33,812500	3,332520
33,828125	3,430176
33,843750	3,552246
33,843750	3,637695
33,859375	3,747559
33,859375	3,820801
33,875000	3,845215
33,875000	3,918457
33,890625	3,979492
33,906250	3,991699
33,921875	4,016113
33,921875	4,028320
33,937500	4,064941
33,937500	4,016113
33,953125	3,991699
33,968750	3,930664
33,984375	3,906250
33,984375	3,845215
34,000000	3,747559
34,000000	3,674316
34,015625	3,625488
34,015625	3,503418
34,031250	3,430176
34,046875	3,271484
34,062500	3,222656
34,062500	3,125000
34,078125	2,978516
34,078125	2,844238
34,093750	2,734375
34,109375	2,624512
34,125000	2,526855
34,125000	2,441406
34,140625	2,380371
34,140625	2,331543
34,156250	2,246094
34,156250	2,221680
34,171875	2,160645
34,187500	2,160645
34,203125	2,111816
34,203125	2,197266
34,218750	2,197266
34,218750	2,258301
34,234375	2,282715
34,250000	2,404785
34,265625	2,465820
34,265625	2,551270
34,281250	2,587891
34,281250	2,758789
34,296875	2,832031
34,296875	2,954102
34,312500	3,051758
34,328125	3,186035
34,343750	3,308105
34,343750	3,405762
34,359375	3,491211
34,359375	3,601074
34,375000	3,674316
34,375000	3,759766
34,390625	3,845215
34,406250	3,918457
34,421875	3,967285
34,421875	3,979492
34,437500	4,052734
34,437500	4,028320
34,453125	4,040527
34,468750	3,967285
34,484375	3,979492
34,484375	3,942871
34,500000	3,881836
34,500000	3,784180
34,515625	3,710937
34,515625	3,613281
34,531250	3,552246
34,546875	3,381348
34,562500	3,308105
34,562500	3,186035
34,578125	3,063965
34,578125	2,954102
34,593750	2,819824
34,609375	2,722168
34,625000	2,661133
34,625000	2,551270
34,640625	2,453613
34,640625	2,380371
34,656250	2,307129
34,656250	2,246094
34,671875	2,209473
34,687500	2,197266
34,703125	2,148437
34,703125	2,172852
34,718750	2,185059
34,718750	2,209473
34,734375	2,209473
34,734375	2,233887
34,765625	2,331543
34,765625	2,392578
34,781250	2,453613
34,781250	2,563477
34,796875	2,636719
34,796875	2,783203
34,812500	2,868652
34,828125	2,966309
34,843750	3,100586
34,843750	3,198242
34,859375	3,332520
34,859375	3,442383
34,875000	3,515625
34,875000	3,625488
34,890625	3,735352
34,906250	3,833008
34,921875	3,894043
34,921875	3,955078
34,937500	4,003906
34,937500	4,040527
34,953125	4,052734
34,968750	4,052734
34,984375	4,040527
34,984375	4,064941
35,000000	4,028320
35,000000	4,003906
35,015625	3,906250
35,015625	3,881836
35,031250	3,820801
35,046875	3,735352
35,062500	3,613281
35,062500	3,540039
35,078125	3,454590
35,078125	3,381348
35,093750	3,247070
35,109375	3,186035
35,125000	3,112793
35,125000	3,015137
35,140625	2,917480
35,140625	2,807617
35,156250	2,734375
35,156250	2,673340
35,171875	2,563477
35,187500	2,502441
35,203125	2,416992
35,203125	2,331543
35,218750	2,270508
35,218750	2,197266
35,234375	2,136230
35,250000	2,062988
35,250000	2,038574
35,265625	2,014160
35,281250	2,014160
35,281250	1,940918
35,296875	1,965332
35,296875	1,965332
35,312500	2,001953
35,328125	1,965332
35,343750	2,050781
35,343750	2,062988
35,359375	2,185059
35,359375	2,197266
35,375000	2,282715
35,390625	2,368164
35,406250	2,490234
35,406250	2,526855
35,421875	2,648926
35,421875	2,722168
35,437500	2,893066
35,437500	2,978516
35,453125	3,088379
35,468750	3,198242
35,484375	3,332520
35,484375	3,442383
35,500000	3,515625
35,500000	3,601074
35,515625	3,674316
35,515625	3,747559
35,531250	3,820801
35,546875	3,906250
35,562500	3,942871
35,562500	3,991699
35,578125	3,979492
35,578125	4,016113
35,593750	3,967285
35,609375	3,979492
35,625000	3,942871
35,625000	3,942871
35,640625	3,894043
35,640625	3,808594
35,656250	3,723145
35,656250	3,662109
35,671875	3,552246
35,687500	3,479004
35,703125	3,320312
35,703125	3,259277
35,718750	3,137207
35,750000	3,002930
35,750000	2,905273
35,765625	2,795410
35,765625	2,697754
35,765625	2,600098
35,781250	2,514648
35,781250	2,429199
35,796875	2,331543
35,796875	2,282715
35,812500	2,258301
35,828125	2,209473
35,843750	2,185059
35,843750	2,185059
35,859375	2,221680
35,859375	2,221680
35,875000	2,233887
35,875000	2,258301
35,906250	2,282715
35,906250	2,380371
35,921875	2,404785
35,921875	2,465820
35,937500	2,563477
35,937500	2,661133
35,953125	2,770996
35,968750	2,856445
35,984375	2,941895
35,984375	3,100586
36,000000	3,149414
36,000000	3,247070
36,015625	3,381348
36,015625	3,503418
36,031250	3,613281
36,046875	3,710937
36,062500	3,808594
36,062500	3,881836
36,078125	3,918457
36,078125	3,967285
36,093750	4,040527
36,109375	4,052734
36,125000	4,052734
36,125000	4,064941
36,140625	4,101562
36,140625	4,016113
36,156250	4,003906
36,156250	3,906250
36,171875	3,869629
36,187500	3,784180
36,203125	3,674316
36,203125	3,564453
36,218750	3,515625
36,218750	3,393555
36,234375	3,320312
36,234375	3,149414
36,265625	3,076172
36,265625	2,966309
36,281250	2,856445
36,281250	2,734375
36,296875	2,624512
36,296875	2,551270
36,312500	2,478027
36,328125	2,429199
36,343750	2,343750
36,343750	2,282715
36,359375	2,221680
36,359375	2,209473
36,375000	2,185059
36,375000	2,209473
36,390625	2,172852
36,406250	2,294922
36,421875	2,294922
36,421875	2,355957
36,437500	2,404785
36,437500	2,490234
36,453125	2,624512
36,468750	2,722168
36,484375	2,795410
36,484375	2,966309
36,500000	3,039551
36,500000	3,186035
36,515625	3,295898
36,515625	3,430176
36,531250	3,540039
36,546875	3,637695
36,562500	3,735352
36,562500	3,796387
36,578125	3,869629
36,578125	3,918457
36,593750	3,979492
36,609375	4,040527
36,625000	4,040527
36,625000	4,016113
36,640625	4,052734
36,640625	4,003906
36,656250	3,979492
36,656250	3,894043
36,671875	3,845215
36,687500	3,796387
36,703125	3,710937
36,703125	3,601074
36,718750	3,491211
36,718750	3,393555
36,734375	3,320312
36,750000	3,173828
36,750000	3,063965
36,765625	2,941895
36,781250	2,832031
36,781250	2,722168
36,796875	2,600098
36,796875	2,539062
36,812500	2,478027
36,828125	2,392578
36,843750	2,307129
36,843750	2,246094
36,859375	2,185059
36,859375	2,111816
36,875000	2,099609
36,875000	2,087402
36,890625	2,062988
36,906250	2,062988
36,921875	2,075195
36,921875	2,075195
36,937500	2,062988
36,937500	2,050781
36,953125	2,136230
36,968750	2,172852
36,984375	2,209473
36,984375	2,246094
37,000000	2,319336
37,000000	2,392578
37,015625	2,478027
37,015625	2,465820
37,031250	2,587891
37,046875	2,648926
37,062500	2,770996
37,062500	2,819824
37,078125	2,905273
37,078125	3,002930
37,093750	3,137207
37,109375	3,173828
37,125000	3,283691
37,125000	3,344727
37,140625	3,479004
37,140625	3,527832
37,156250	3,613281
37,156250	3,710937
37,171875	3,808594
37,187500	3,881836
37,203125	3,955078
37,203125	4,016113
37,218750	4,077148
37,218750	4,125977
37,234375	4,162598
37,234375	4,248047
37,265625	4,284668
37,265625	4,345703
37,281250	4,345703
37,281250	4,394531
37,296875	4,333496
37,296875	4,370117
37,312500	4,345703
37,328125	4,382324
37,343750	4,345703
37,343750	4,333496
37,359375	4,284668
37,359375	4,296875
37,375000	4,174805
37,375000	4,138184
37,390625	4,040527
37,406250	4,028320
37,421875	3,942871
37,421875	3,869629
37,437500	3,759766
37,437500	3,747559
37,453125	3,625488
37,468750	3,552246
37,484375	3,405762
37,484375	3,356934
37,500000	3,259277
37,500000	3,161621
37,515625	3,063965
37,515625	2,978516
37,531250	2,893066
37,546875	2,844238
37,562500	2,722168
37,562500	2,636719
37,578125	2,539062
37,578125	2,453613
37,593750	2,380371
37,609375	2,294922
37,625000	2,233887
37,625000	2,209473
37,640625	2,136230
37,640625	2,050781
37,656250	2,001953
37,656250	1,940918
37,671875	1,892090
37,687500	1,855469
37,703125	1,843262
37,703125	1,818848
37,718750	1,831055
37,718750	1,831055
37,734375	1,806641
37,734375	1,818848
37,765625	1,831055
37,765625	1,892090
37,781250	1,928711
37,781250	1,953125
37,796875	2,014160
37,796875	2,087402
37,812500	2,172852
37,828125	2,221680
37,843750	2,246094
37,843750	2,368164
37,859375	2,429199
37,859375	2,526855
37,875000	2,612305
37,875000	2,697754
37,890625	2,832031
37,906250	2,929687
37,921875	2,990723
37,921875	3,125000
37,937500	3,198242
37,937500	3,332520
37,953125	3,417969
37,968750	3,491211
37,984375	3,613281
37,984375	3,723145
38,000000	3,808594
38,000000	3,906250
38,015625	3,955078
38,015625	4,028320
38,031250	4,101562
38,046875	4,138184
38,062500	4,199219
38,062500	4,248047
38,078125	4,309082
38,078125	4,321289
38,093750	4,370117
38,093750	4,321289
38,125000	4,321289
38,125000	4,296875
38,140625	4,321289
38,140625	4,248047
38,156250	4,248047
38,156250	4,187012
38,171875	4,187012
38,187500	4,064941
38,203125	4,016113
38,203125	3,942871
38,218750	3,906250
38,218750	3,808594
38,234375	3,710937
38,250000	3,601074
38,250000	3,552246
38,265625	3,393555
38,281250	3,320312
38,281250	3,173828
38,296875	3,088379
38,296875	2,966309
38,312500	2,844238
38,328125	2,734375
38,343750	2,624512
38,343750	2,526855
38,359375	2,453613
38,359375	2,380371
38,375000	2,282715
38,375000	2,233887
38,390625	2,185059
38,406250	2,160645
38,421875	2,099609
38,421875	2,124023
38,437500	2,111816
38,437500	2,209473
38,453125	2,197266
38,468750	2,246094
38,484375	2,307129
38,484375	2,404785
38,500000	2,478027
38,500000	2,563477
38,515625	2,612305
38,515625	2,770996
38,531250	2,868652
38,546875	2,978516
38,562500	3,076172
38,562500	3,198242
38,578125	3,308105
38,578125	3,393555
38,593750	3,479004
38,593750	3,601074
38,625000	3,698730
38,625000	3,784180
38,640625	3,869629
38,640625	3,942871
38,656250	3,979492
38,656250	3,991699
38,671875	4,040527
38,687500	4,028320
38,703125	4,016113
38,703125	3,979492
38,718750	3,955078
38,718750	3,942871
38,734375	3,820801
38,750000	3,759766
38,750000	3,674316
38,765625	3,552246
38,781250	3,454590
38,781250	3,308105
38,796875	3,186035
38,796875	3,076172
38,812500	2,941895
38,828125	2,856445
38,843750	2,734375
38,843750	2,636719
38,859375	2,575684
38,859375	2,478027
38,875000	2,392578
38,875000	2,307129
38,890625	2,282715
38,906250	2,233887
38,921875	2,246094
38,921875	2,233887
38,937500	2,233887
38,937500	2,270508
38,953125	2,331543
38,968750	2,331543
38,984375	2,416992
38,984375	2,453613
39,000000	2,600098
39,000000	2,661133
39,015625	2,758789
39,015625	2,880859
39,031250	3,027344
39,046875	3,137207
39,062500	3,247070
39,062500	3,356934
39,078125	3,479004
39,078125	3,552246
39,093750	3,637695
39,109375	3,747559
39,125000	3,808594
39,125000	3,894043
39,140625	3,942871
39,140625	4,016113
39,156250	3,967285
39,156250	4,016113
39,171875	3,942871
39,187500	4,003906
39,203125	3,955078
39,203125	3,894043
39,218750	3,820801
39,218750	3,808594
39,234375	3,674316
39,234375	3,613281
39,265625	3,454590
39,265625	3,405762
39,281250	3,283691
39,281250	3,186035
39,296875	3,051758
39,296875	2,941895
39,312500	2,844238
39,328125	2,746582
39,343750	2,648926
39,343750	2,551270
39,359375	2,465820
39,359375	2,380371
39,375000	2,355957
39,375000	2,258301
39,390625	2,258301
39,406250	2,197266
39,421875	2,270508
39,421875	2,233887
39,437500	2,258301
39,437500	2,246094
39,453125	2,307129
39,468750	2,355957
39,484375	2,429199
39,484375	2,441406
39,500000	2,587891
39,500000	2,648926
39,515625	2,770996
39,515625	2,844238
39,531250	2,966309
39,546875	3,100586
39,562500	3,186035
39,562500	3,271484
39,578125	3,405762
39,578125	3,503418
39,593750	3,625488
39,609375	3,723145
39,625000	3,833008
39,625000	3,906250
39,640625	3,955078
39,640625	4,040527
39,656250	4,089355
39,656250	4,113770
39,671875	4,089355
39,687500	4,125977
39,703125	4,150391
39,703125	4,101562
39,718750	4,052734
39,718750	4,016113
39,734375	3,942871
39,750000	3,894043
39,750000	3,771973
39,765625	3,674316
39,781250	3,625488
39,781250	3,503418
39,796875	3,405762
39,796875	3,283691
39,812500	3,198242
39,828125	3,112793
39,843750	2,978516
39,843750	2,844238
39,859375	2,734375
39,859375	2,636719
39,875000	2,539062
39,875000	2,441406
39,906250	2,392578
39,906250	2,307129
39,921875	2,233887
39,921875	2,185059
39,937500	2,136230
39,937500	2,087402
39,953125	2,038574
39,968750	2,087402
39,984375	2,087402
39,984375	2,124023
40,000000	2,111816
40,000000	2,160645
40,015625	2,185059
40,015625	2,209473
40,031250	2,185059
40,046875	2,282715
40,062500	2,307129
40,062500	2,368164
40,078125	2,392578
40,078125	2,453613
40,093750	2,563477
40,093750	2,673340
40,125000	2,673340
40,125000	2,807617
40,140625	2,868652
40,140625	3,015137
40,156250	3,063965
40,156250	3,173828
40,171875	3,283691
40,187500	3,405762
40,203125	3,491211
40,203125	3,588867
40,218750	3,649902
40,218750	3,759766
40,234375	3,845215
40,250000	3,918457
40,250000	4,003906
40,265625	4,064941
40,281250	4,150391
40,281250	4,162598
40,296875	4,211426
40,296875	4,174805
40,312500	4,211426
40,328125	4,199219
40,343750	4,223633
40,343750	4,162598
40,359375	4,125977
40,359375	4,052734
40,375000	4,052734
40,375000	3,881836
40,390625	3,833008
40,406250	3,710937
40,421875	3,649902
40,421875	3,515625
40,437500	3,381348
40,437500	3,283691
40,453125	3,222656
40,468750	3,063965
40,484375	2,978516
40,484375	2,844238
40,500000	2,746582
40,500000	2,636719
40,515625	2,551270
40,515625	2,490234
40,531250	2,392578
40,546875	2,355957
40,562500	2,294922
40,562500	2,294922
40,578125	2,246094
40,578125	2,185059
40,593750	2,209473
40,593750	2,246094
40,625000	2,270508
40,625000	2,319336
40,640625	2,343750
40,640625	2,478027
40,656250	2,539062
40,656250	2,612305
40,671875	2,722168
40,687500	2,807617
40,703125	2,954102
40,703125	3,039551
40,718750	3,125000
40,718750	3,271484
40,734375	3,381348
40,734375	3,491211
40,765625	3,601074
40,765625	3,698730
40,781250	3,796387
40,781250	3,857422
40,796875	3,918457
40,796875	3,979492
40,812500	4,040527
40,828125	4,089355
40,843750	4,101562
40,843750	4,162598
40,859375	4,113770
40,859375	4,089355
40,875000	4,077148
40,875000	4,077148
40,890625	4,003906
40,906250	3,955078
40,921875	3,881836
40,921875	3,869629
40,937500	3,747559
40,937500	3,662109
40,953125	3,552246
40,968750	3,454590
40,984375	3,344727
40,984375	3,234863
41,000000	3,088379
41,000000	3,015137
41,015625	2,893066
41,015625	2,807617
41,031250	2,685547
41,046875	2,587891
41,062500	2,502441
41,062500	2,416992
41,078125	2,355957
41,078125	2,270508
41,093750	2,246094
41,093750	2,197266
41,125000	2,233887
41,125000	2,197266
41,140625	2,209473
41,140625	2,221680
41,156250	2,307129
41,156250	2,307129
41,171875	2,392578
41,187500	2,416992
41,203125	2,587891
41,203125	2,648926
41,218750	2,746582
41,218750	2,832031
41,234375	2,978516
41,250000	3,112793
41,265625	3,210449
41,265625	3,295898
41,281250	3,430176
41,281250	3,515625
41,296875	3,625488
41,296875	3,710937
41,312500	3,796387
41,328125	3,869629
41,343750	3,906250
41,343750	3,979492
41,359375	3,979492
41,359375	3,991699
41,375000	3,955078
41,375000	3,991699
41,390625	3,967285
41,406250	3,918457
41,421875	3,857422
41,421875	3,833008
41,437500	3,747559
41,437500	3,686523
41,453125	3,527832
41,468750	3,479004
41,484375	3,381348
41,484375	3,259277
41,500000	3,137207
41,500000	3,027344
41,515625	2,941895
41,515625	2,856445
41,531250	2,722168
41,546875	2,624512
41,562500	2,526855
41,562500	2,429199
41,578125	2,343750
41,578125	2,258301
41,593750	2,197266
41,609375	2,172852
41,625000	2,124023
41,625000	2,075195
41,640625	2,038574
41,640625	2,001953
41,656250	1,977539
41,656250	1,989746
41,671875	2,014160
41,687500	2,014160
41,703125	2,050781
41,703125	2,075195
41,718750	2,111816
41,718750	2,148437
41,734375	2,160645
41,750000	2,258301
41,750000	2,307129
41,765625	2,392578
41,781250	2,453613
41,781250	2,539062
41,796875	2,636719
41,796875	2,722168
41,812500	2,783203
41,828125	2,929687
41,843750	2,978516
41,843750	3,112793
41,859375	3,198242
41,859375	3,283691
41,875000	3,417969
41,890625	3,527832
41,906250	3,613281
41,906250	3,710937
41,921875	3,784180
41,921875	3,894043
41,937500	3,955078
41,937500	4,016113
41,953125	4,089355
41,968750	4,150391
41,984375	4,235840
41,984375	4,260254
42,000000	4,284668
42,000000	4,284668
42,015625	4,321289
42,015625	4,309082
42,031250	4,345703
42,046875	4,309082
42,062500	4,357910
42,062500	4,296875
