35.921875
43.9375
50.2578125
56.7421875
62.796875
71.40625
75.421875
78.9375
84.7265625
89.8125
94.796875
100.0390625
104.8046875
109.6875
114.8671875
119.6015625
125.5
130.3515625
135.640625
139.0
142.5390625
146.578125
150.6640625
154.53125
157.8515625
160.875
163.1015625
164.8828125
167.9375
171.2890625
173.859375
176.5
178.9765625
181.46875
184.1484375
187.1328125
190.0859375
193.140625
196.4375
199.71875
203.3671875
206.9921875
210.40625
213.5078125
216.25
218.796875
221.4140625
224.1328125
226.6328125
229.25
231.5546875
234.1796875
236.59375
239.3046875
242.078125
244.8828125
247.7578125
250.1484375
252.46875
255.15625
258.0703125
260.984375
263.640625
266.8125
269.7578125
272.625
275.46875
278.4296875
280.90625
283.5546875
286.6328125
289.75
292.7734375
295.421875
297.859375