32.625
42.0625
52.1796875
64.578125
75.8671875
88.3125
96.03125
104.5546875
113.203125
121.125
129.1328125
136.5078125
144.46875
151.015625
156.8984375
162.25
166.9375
171.0703125
174.390625
177.078125
180.2734375
184.1640625
188.453125
191.9375
195.15625
198.546875
201.4140625
204.0390625
206.21875
208.21875
209.75
211.6640625
214.25
217.15625
219.6640625
222.6640625
225.328125
228.0703125
230.8828125
233.59375
235.9921875
238.4453125
240.6328125
242.7578125
244.78125
246.640625
248.65625
250.7265625
252.53125
254.125
255.8984375
257.828125
260.171875
262.359375
264.15625
266.53125
268.59375
270.7421875
272.75
274.859375
276.890625
278.921875
280.8046875
282.5078125
284.203125
285.9296875
287.5078125
289.203125
290.984375
292.421875
293.984375
295.6171875
297.5390625
299.5078125
301.6015625
303.421875
305.7265625