"Title        "	"Input A"	 		"Title        "	"Input B"	 
"ID           "	1	 		"ID           "	1	 
"Type         "	"Envelope"	 		"Type         "	"Envelope"	 
"Date         "	01/01/95	 		"Date         "	01/01/95	 
"Time         "	22:58:12	 		"Time         "	22:58:12	 
"X Scale      "	2.00E-04	 		"X Scale      "	2.00E-04	 
"X At 0%      "	-2.393E-03	 		"X At 0%      "	-2.393E-03	 
"X Resolution "	2.500000E+01	 		"X Resolution "	2.500000E+01	 
"X Size       "	300	 		"X Size       "	300	 
"X Unit       "	"s"	 		"X Unit       "	"s"	 
"X Label      "	"200 us/Div"	 		"X Label      "	"200 us/Div"	 
"Y Scale      "	1.00E-01	 		"Y Scale      "	1.00E+00	 
"Y At 50%     "	-4.00E-01	 		"Y At 50%     "	1.68E+00	 
"Y Resolution "	2.500000E+01	 		"Y Resolution "	2.500000E+01	 
"Y Size       "	256	 		"Y Size       "	256	 
"Y Unit       "	"V"	 		"Y Unit       "	"V"	 
"Y Label      "	"mV"	 		"Y Label      "	"V"	 

-2.393E-03	-3.2E-02	-2.4E-02		-2.393E-03	5.6E-01	6.8E-01
-2.385E-03	-3.6E-02	-2.8E-02		-2.385E-03	6.0E-01	6.8E-01
-2.377E-03	-3.6E-02	-2.4E-02		-2.377E-03	6.0E-01	7.2E-01
-2.369E-03	-3.2E-02	-2.4E-02		-2.369E-03	6.0E-01	6.8E-01
-2.361E-03	-3.6E-02	-2.8E-02		-2.361E-03	6.0E-01	6.8E-01
-2.353E-03	-3.2E-02	-2.4E-02		-2.353E-03	6.0E-01	6.4E-01
-2.345E-03	-3.6E-02	-2.8E-02		-2.345E-03	5.2E-01	6.4E-01
-2.337E-03	-3.6E-02	-2.8E-02		-2.337E-03	6.0E-01	6.8E-01
-2.329E-03	-3.6E-02	-2.0E-02		-2.329E-03	5.6E-01	6.8E-01
-2.321E-03	-3.6E-02	-2.4E-02		-2.321E-03	5.6E-01	6.8E-01
-2.313E-03	-4.0E-02	-2.8E-02		-2.313E-03	6.0E-01	6.8E-01
-2.305E-03	-3.6E-02	-2.8E-02		-2.305E-03	6.0E-01	7.2E-01
-2.297E-03	-3.2E-02	-2.4E-02		-2.297E-03	6.0E-01	6.8E-01
-2.289E-03	-3.6E-02	-2.8E-02		-2.289E-03	5.2E-01	6.8E-01
-2.281E-03	-3.6E-02	-2.8E-02		-2.281E-03	5.6E-01	6.8E-01
-2.273E-03	-3.2E-02	-2.0E-02		-2.273E-03	6.4E-01	6.8E-01
-2.265E-03	-4.0E-02	-2.8E-02		-2.265E-03	6.0E-01	6.8E-01
-2.257E-03	-4.0E-02	-2.4E-02		-2.257E-03	6.0E-01	6.4E-01
-2.249E-03	-3.6E-02	-2.8E-02		-2.249E-03	6.0E-01	6.8E-01
-2.241E-03	-3.6E-02	-2.8E-02		-2.241E-03	6.0E-01	7.2E-01
-2.233E-03	-3.6E-02	-2.4E-02		-2.233E-03	6.0E-01	6.8E-01
-2.225E-03	-3.6E-02	-2.8E-02		-2.225E-03	6.0E-01	6.8E-01
-2.217E-03	-3.6E-02	-2.8E-02		-2.217E-03	6.0E-01	6.8E-01
-2.209E-03	-3.6E-02	-2.8E-02		-2.209E-03	5.6E-01	6.8E-01
-2.201E-03	-3.6E-02	-2.8E-02		-2.201E-03	5.6E-01	6.8E-01
-2.193E-03	-3.2E-02	-2.4E-02		-2.193E-03	5.6E-01	6.4E-01
-2.185E-03	-4.0E-02	-2.8E-02		-2.185E-03	6.0E-01	6.8E-01
-2.177E-03	-4.0E-02	-3.2E-02		-2.177E-03	5.6E-01	6.8E-01
-2.169E-03	-3.6E-02	-2.8E-02		-2.169E-03	6.0E-01	6.4E-01
-2.161E-03	-4.0E-02	-2.8E-02		-2.161E-03	4.8E-01	6.4E-01
-2.153E-03	-3.6E-02	-2.8E-02		-2.153E-03	6.0E-01	6.4E-01
-2.145E-03	-4.0E-02	-3.2E-02		-2.145E-03	5.2E-01	6.4E-01
-2.137E-03	-3.6E-02	-3.2E-02		-2.137E-03	6.4E-01	7.2E-01
-2.129E-03	-4.0E-02	-3.2E-02		-2.129E-03	5.6E-01	6.8E-01
-2.121E-03	-3.6E-02	-2.8E-02		-2.121E-03	6.0E-01	6.4E-01
-2.113E-03	-3.6E-02	-2.8E-02		-2.113E-03	6.0E-01	7.2E-01
-2.105E-03	-4.0E-02	-3.2E-02		-2.105E-03	6.4E-01	6.8E-01
-2.097E-03	-4.0E-02	-2.4E-02		-2.097E-03	5.2E-01	6.4E-01
-2.089E-03	-4.0E-02	-2.8E-02		-2.089E-03	5.2E-01	6.4E-01
-2.081E-03	-4.4E-02	-3.6E-02		-2.081E-03	5.6E-01	6.4E-01
-2.073E-03	-4.0E-02	-3.2E-02		-2.073E-03	6.0E-01	6.8E-01
-2.065E-03	-3.6E-02	-3.2E-02		-2.065E-03	5.6E-01	6.4E-01
-2.057E-03	-4.4E-02	-2.8E-02		-2.057E-03	6.0E-01	6.8E-01
-2.049E-03	-4.0E-02	-2.8E-02		-2.049E-03	5.2E-01	6.8E-01
-2.041E-03	-4.4E-02	-3.6E-02		-2.041E-03	6.0E-01	6.8E-01
-2.033E-03	-3.6E-02	-3.2E-02		-2.033E-03	5.6E-01	6.4E-01
-2.025E-03	-4.8E-02	-4.0E-02		-2.025E-03	5.6E-01	6.8E-01
-2.017E-03	-4.8E-02	-4.4E-02		-2.017E-03	5.6E-01	6.8E-01
-2.009E-03	-4.4E-02	-3.6E-02		-2.009E-03	5.2E-01	6.4E-01
-2.001E-03	-4.8E-02	-4.0E-02		-2.001E-03	5.6E-01	6.4E-01
-1.993E-03	-4.8E-02	-4.4E-02		-1.993E-03	5.6E-01	6.4E-01
-1.985E-03	-4.8E-02	-4.0E-02		-1.985E-03	6.0E-01	6.8E-01
-1.977E-03	-4.8E-02	-4.0E-02		-1.977E-03	6.0E-01	7.6E-01
-1.969E-03	-4.8E-02	-4.0E-02		-1.969E-03	5.6E-01	6.8E-01
-1.961E-03	-6.0E-02	-4.8E-02		-1.961E-03	5.6E-01	6.4E-01
-1.953E-03	-5.2E-02	-4.4E-02		-1.953E-03	5.6E-01	6.8E-01
-1.945E-03	-5.2E-02	-4.4E-02		-1.945E-03	5.6E-01	6.4E-01
-1.937E-03	-6.0E-02	-4.8E-02		-1.937E-03	5.6E-01	6.4E-01
-1.929E-03	-6.4E-02	-4.8E-02		-1.929E-03	4.8E-01	6.4E-01
-1.921E-03	-5.6E-02	-5.2E-02		-1.921E-03	6.0E-01	6.4E-01
-1.913E-03	-6.4E-02	-5.2E-02		-1.913E-03	5.2E-01	6.4E-01
-1.905E-03	-7.2E-02	-6.4E-02		-1.905E-03	5.6E-01	6.4E-01
-1.897E-03	-7.2E-02	-6.0E-02		-1.897E-03	6.0E-01	6.4E-01
-1.889E-03	-7.2E-02	-6.4E-02		-1.889E-03	5.6E-01	6.8E-01
-1.881E-03	-8.0E-02	-7.2E-02		-1.881E-03	5.2E-01	6.4E-01
-1.873E-03	-8.8E-02	-7.6E-02		-1.873E-03	5.2E-01	6.0E-01
-1.865E-03	-8.4E-02	-7.6E-02		-1.865E-03	6.0E-01	7.2E-01
-1.857E-03	-9.6E-02	-8.0E-02		-1.857E-03	5.6E-01	6.8E-01
-1.849E-03	-1.20E-01	-9.6E-02		-1.849E-03	5.6E-01	6.4E-01
-1.841E-03	-1.24E-01	-1.08E-01		-1.841E-03	5.6E-01	6.4E-01
-1.833E-03	-1.20E-01	-1.04E-01		-1.833E-03	6.0E-01	6.8E-01
-1.825E-03	-1.28E-01	-1.12E-01		-1.825E-03	6.0E-01	6.8E-01
-1.817E-03	-1.48E-01	-1.28E-01		-1.817E-03	5.6E-01	7.2E-01
-1.809E-03	-1.52E-01	-1.40E-01		-1.809E-03	6.0E-01	6.8E-01
-1.801E-03	-1.56E-01	-1.36E-01		-1.801E-03	5.6E-01	6.4E-01
-1.793E-03	-1.80E-01	-1.60E-01		-1.793E-03	6.0E-01	6.4E-01
-1.785E-03	-2.00E-01	-1.80E-01		-1.785E-03	5.6E-01	6.8E-01
-1.777E-03	-1.92E-01	-1.72E-01		-1.777E-03	6.0E-01	6.8E-01
-1.769E-03	-1.92E-01	-1.76E-01		-1.769E-03	5.6E-01	6.4E-01
-1.761E-03	-2.28E-01	-1.92E-01		-1.761E-03	5.6E-01	6.4E-01
-1.753E-03	-2.52E-01	-2.24E-01		-1.753E-03	6.0E-01	6.8E-01
-1.745E-03	-2.20E-01	-2.04E-01		-1.745E-03	5.6E-01	6.0E-01
-1.737E-03	-2.48E-01	-2.20E-01		-1.737E-03	5.2E-01	6.0E-01
-1.729E-03	-2.76E-01	-2.48E-01		-1.729E-03	5.2E-01	6.8E-01
-1.721E-03	-2.72E-01	-2.32E-01		-1.721E-03	6.0E-01	6.4E-01
-1.713E-03	-2.44E-01	-2.24E-01		-1.713E-03	5.6E-01	6.8E-01
-1.705E-03	-2.88E-01	-2.44E-01		-1.705E-03	5.6E-01	6.4E-01
-1.697E-03	-3.28E-01	-2.88E-01		-1.697E-03	6.0E-01	7.2E-01
-1.689E-03	-3.20E-01	-2.88E-01		-1.689E-03	6.0E-01	6.8E-01
-1.681E-03	-3.76E-01	-3.00E-01		-1.681E-03	5.6E-01	6.8E-01
-1.673E-03	-4.56E-01	-3.76E-01		-1.673E-03	5.6E-01	6.8E-01
-1.665E-03	-4.76E-01	-4.24E-01		-1.665E-03	5.6E-01	6.4E-01
-1.657E-03	-4.16E-01	-3.92E-01		-1.657E-03	5.6E-01	6.4E-01
-1.649E-03	-4.44E-01	-4.04E-01		-1.649E-03	6.0E-01	6.8E-01
-1.641E-03	-5.36E-01	-4.52E-01		-1.641E-03	6.0E-01	6.8E-01
-1.633E-03	-5.44E-01	-4.60E-01		-1.633E-03	5.6E-01	6.8E-01
-1.625E-03	-4.56E-01	-4.44E-01		-1.625E-03	6.0E-01	6.4E-01
-1.617E-03	-5.00E-01	-4.64E-01		-1.617E-03	5.6E-01	6.0E-01
-1.609E-03	-5.16E-01	-4.68E-01		-1.609E-03	5.6E-01	6.0E-01
-1.601E-03	-4.64E-01	-3.80E-01		-1.601E-03	5.6E-01	6.8E-01
-1.593E-03	-3.88E-01	-3.76E-01		-1.593E-03	5.6E-01	6.4E-01
-1.585E-03	-4.16E-01	-3.88E-01		-1.585E-03	5.6E-01	6.4E-01
-1.577E-03	-4.20E-01	-3.36E-01		-1.577E-03	5.6E-01	6.0E-01
-1.569E-03	-3.36E-01	-3.24E-01		-1.569E-03	5.2E-01	6.0E-01
-1.561E-03	-3.64E-01	-3.36E-01		-1.561E-03	5.6E-01	6.4E-01
-1.553E-03	-3.80E-01	-3.64E-01		-1.553E-03	5.6E-01	6.8E-01
-1.545E-03	-3.52E-01	-2.80E-01		-1.545E-03	6.0E-01	6.8E-01
-1.537E-03	-2.80E-01	-2.72E-01		-1.537E-03	5.6E-01	6.4E-01
-1.529E-03	-3.04E-01	-2.80E-01		-1.529E-03	5.6E-01	6.4E-01
-1.521E-03	-3.16E-01	-2.76E-01		-1.521E-03	5.2E-01	6.4E-01
-1.513E-03	-2.72E-01	-2.32E-01		-1.513E-03	5.6E-01	6.4E-01
-1.505E-03	-2.44E-01	-2.36E-01		-1.505E-03	5.6E-01	6.4E-01
-1.497E-03	-2.52E-01	-2.40E-01		-1.497E-03	6.0E-01	6.4E-01
-1.489E-03	-2.44E-01	-1.96E-01		-1.489E-03	5.6E-01	6.4E-01
-1.481E-03	-1.92E-01	-1.84E-01		-1.481E-03	5.6E-01	6.4E-01
-1.473E-03	-2.00E-01	-1.84E-01		-1.473E-03	5.6E-01	6.8E-01
-1.465E-03	-2.12E-01	-2.00E-01		-1.465E-03	5.2E-01	6.4E-01
-1.457E-03	-1.88E-01	-1.60E-01		-1.457E-03	5.2E-01	6.0E-01
-1.449E-03	-1.60E-01	-1.48E-01		-1.449E-03	5.2E-01	6.0E-01
-1.441E-03	-1.72E-01	-1.52E-01		-1.441E-03	5.2E-01	6.4E-01
-1.433E-03	-1.76E-01	-1.40E-01		-1.433E-03	5.2E-01	6.4E-01
-1.425E-03	-1.44E-01	-1.28E-01		-1.425E-03	5.6E-01	6.0E-01
-1.417E-03	-1.32E-01	-1.20E-01		-1.417E-03	5.2E-01	6.0E-01
-1.409E-03	-1.24E-01	-1.20E-01		-1.409E-03	6.0E-01	6.4E-01
-1.401E-03	-1.20E-01	-9.2E-02		-1.401E-03	5.6E-01	6.4E-01
-1.393E-03	-1.04E-01	-9.6E-02		-1.393E-03	6.0E-01	6.8E-01
-1.385E-03	-1.04E-01	-9.2E-02		-1.385E-03	5.6E-01	7.6E-01
-1.377E-03	-1.04E-01	-8.4E-02		-1.377E-03	5.2E-01	6.0E-01
-1.369E-03	-8.8E-02	-7.6E-02		-1.369E-03	5.6E-01	6.4E-01
-1.361E-03	-9.6E-02	-8.4E-02		-1.361E-03	5.6E-01	6.4E-01
-1.353E-03	-9.6E-02	-8.8E-02		-1.353E-03	5.6E-01	6.8E-01
-1.345E-03	-8.0E-02	-6.4E-02		-1.345E-03	5.2E-01	6.4E-01
-1.337E-03	-7.2E-02	-6.0E-02		-1.337E-03	5.6E-01	6.4E-01
-1.329E-03	-7.2E-02	-6.0E-02		-1.329E-03	6.0E-01	6.8E-01
-1.321E-03	-7.2E-02	-6.0E-02		-1.321E-03	5.2E-01	6.4E-01
-1.313E-03	-6.4E-02	-5.6E-02		-1.313E-03	5.2E-01	6.4E-01
-1.305E-03	-6.0E-02	-5.2E-02		-1.305E-03	5.6E-01	6.4E-01
-1.297E-03	-6.4E-02	-5.2E-02		-1.297E-03	5.2E-01	6.4E-01
-1.289E-03	-6.0E-02	-4.4E-02		-1.289E-03	5.2E-01	6.4E-01
-1.281E-03	-5.6E-02	-4.8E-02		-1.281E-03	5.2E-01	6.0E-01
-1.273E-03	-5.2E-02	-4.4E-02		-1.273E-03	5.2E-01	6.4E-01
-1.265E-03	-5.2E-02	-4.0E-02		-1.265E-03	5.2E-01	6.8E-01
-1.257E-03	-4.8E-02	-3.6E-02		-1.257E-03	5.2E-01	6.0E-01
-1.249E-03	-4.8E-02	-4.0E-02		-1.249E-03	5.6E-01	6.4E-01
-1.241E-03	-4.8E-02	-3.6E-02		-1.241E-03	5.6E-01	6.4E-01
-1.233E-03	-4.4E-02	-3.2E-02		-1.233E-03	5.6E-01	6.4E-01
-1.225E-03	-4.0E-02	-2.4E-02		-1.225E-03	5.6E-01	6.4E-01
-1.217E-03	-4.4E-02	-3.6E-02		-1.217E-03	5.2E-01	6.0E-01
-1.209E-03	-4.4E-02	-3.6E-02		-1.209E-03	5.2E-01	6.0E-01
-1.201E-03	-4.4E-02	-2.8E-02		-1.201E-03	5.2E-01	6.4E-01
-1.193E-03	-4.0E-02	-2.8E-02		-1.193E-03	4.8E-01	6.4E-01
-1.185E-03	-4.0E-02	-2.8E-02		-1.185E-03	4.4E-01	6.0E-01
-1.177E-03	-4.8E-02	-3.6E-02		-1.177E-03	5.6E-01	6.4E-01
-1.169E-03	-4.4E-02	-3.6E-02		-1.169E-03	4.8E-01	6.0E-01
-1.161E-03	-4.4E-02	-3.6E-02		-1.161E-03	4.8E-01	6.4E-01
-1.153E-03	-4.4E-02	-4.0E-02		-1.153E-03	5.2E-01	6.0E-01
-1.145E-03	-4.4E-02	-3.2E-02		-1.145E-03	5.2E-01	6.0E-01
-1.137E-03	-4.0E-02	-2.8E-02		-1.137E-03	6.0E-01	6.8E-01
-1.129E-03	-4.0E-02	-2.8E-02		-1.129E-03	5.6E-01	6.4E-01
-1.121E-03	-3.2E-02	-2.4E-02		-1.121E-03	5.6E-01	6.4E-01
-1.113E-03	-3.6E-02	-2.8E-02		-1.113E-03	5.6E-01	6.4E-01
-1.105E-03	-3.2E-02	-2.8E-02		-1.105E-03	5.2E-01	6.0E-01
-1.097E-03	-3.6E-02	-2.8E-02		-1.097E-03	5.2E-01	6.8E-01
-1.089E-03	-3.2E-02	-2.4E-02		-1.089E-03	5.6E-01	6.8E-01
-1.081E-03	-3.2E-02	-2.8E-02		-1.081E-03	5.2E-01	6.4E-01
-1.073E-03	-2.8E-02	-2.4E-02		-1.073E-03	5.6E-01	6.8E-01
-1.065E-03	-3.2E-02	-2.0E-02		-1.065E-03	5.6E-01	6.4E-01
-1.057E-03	-2.8E-02	-2.0E-02		-1.057E-03	5.6E-01	6.0E-01
-1.049E-03	-3.2E-02	-2.4E-02		-1.049E-03	5.2E-01	6.0E-01
-1.041E-03	-3.2E-02	-2.4E-02		-1.041E-03	5.6E-01	6.8E-01
-1.033E-03	-3.2E-02	-1.6E-02		-1.033E-03	5.2E-01	6.4E-01
-1.025E-03	-2.8E-02	-2.0E-02		-1.025E-03	4.8E-01	6.0E-01
-1.017E-03	-3.2E-02	-2.4E-02		-1.017E-03	6.0E-01	6.8E-01
-1.009E-03	-2.8E-02	-2.0E-02		-1.009E-03	5.2E-01	6.8E-01
-1.001E-03	-3.6E-02	-2.8E-02		-1.001E-03	5.2E-01	6.4E-01
-9.93E-04	-2.8E-02	-2.0E-02		-9.93E-04	5.2E-01	6.0E-01
-9.85E-04	-2.8E-02	-2.0E-02		-9.85E-04	5.6E-01	6.4E-01
-9.77E-04	-3.2E-02	-2.4E-02		-9.77E-04	5.6E-01	6.4E-01
-9.69E-04	-2.8E-02	-2.0E-02		-9.69E-04	5.2E-01	6.4E-01
-9.61E-04	-3.2E-02	-2.4E-02		-9.61E-04	4.4E-01	6.4E-01
-9.53E-04	-2.8E-02	-2.0E-02		-9.53E-04	5.2E-01	6.0E-01
-9.45E-04	-2.8E-02	-2.0E-02		-9.45E-04	5.2E-01	6.4E-01
-9.37E-04	-2.8E-02	-2.0E-02		-9.37E-04	5.2E-01	6.4E-01
-9.29E-04	-2.8E-02	-2.4E-02		-9.29E-04	5.2E-01	6.4E-01
-9.21E-04	-2.8E-02	-2.0E-02		-9.21E-04	4.8E-01	6.0E-01
-9.13E-04	-3.2E-02	-2.4E-02		-9.13E-04	5.2E-01	6.4E-01
-9.05E-04	-3.2E-02	-2.4E-02		-9.05E-04	5.6E-01	6.8E-01
-8.97E-04	-2.8E-02	-2.0E-02		-8.97E-04	5.6E-01	6.8E-01
-8.89E-04	-2.8E-02	-2.0E-02		-8.89E-04	4.8E-01	5.6E-01
-8.81E-04	-2.8E-02	-2.0E-02		-8.81E-04	5.6E-01	6.0E-01
-8.73E-04	-2.8E-02	-2.0E-02		-8.73E-04	6.0E-01	6.8E-01
-8.65E-04	-2.8E-02	-2.4E-02		-8.65E-04	5.2E-01	6.0E-01
-8.57E-04	-2.4E-02	-2.0E-02		-8.57E-04	4.8E-01	6.4E-01
-8.49E-04	-2.8E-02	-2.0E-02		-8.49E-04	5.6E-01	6.4E-01
-8.41E-04	-2.8E-02	-2.0E-02		-8.41E-04	5.2E-01	6.0E-01
-8.33E-04	-3.2E-02	-2.4E-02		-8.33E-04	5.2E-01	6.0E-01
-8.25E-04	-2.8E-02	-2.0E-02		-8.25E-04	5.6E-01	6.4E-01
-8.17E-04	-2.8E-02	-1.6E-02		-8.17E-04	5.2E-01	6.0E-01
-8.09E-04	-2.8E-02	-1.6E-02		-8.09E-04	5.6E-01	6.8E-01
-8.01E-04	-2.8E-02	-2.0E-02		-8.01E-04	5.2E-01	6.0E-01
-7.93E-04	-3.6E-02	-2.0E-02		-7.93E-04	5.2E-01	6.4E-01
-7.85E-04	-3.6E-02	-2.4E-02		-7.85E-04	4.8E-01	6.0E-01
-7.77E-04	-3.2E-02	-2.8E-02		-7.77E-04	5.2E-01	6.0E-01
-7.69E-04	-2.8E-02	-2.0E-02		-7.69E-04	5.6E-01	6.4E-01
-7.61E-04	-2.8E-02	-2.0E-02		-7.61E-04	5.6E-01	6.0E-01
-7.53E-04	-3.2E-02	-2.4E-02		-7.53E-04	6.0E-01	6.4E-01
-7.45E-04	-2.8E-02	-2.4E-02		-7.45E-04	5.2E-01	6.4E-01
-7.37E-04	-2.8E-02	-2.0E-02		-7.37E-04	5.2E-01	6.0E-01
-7.29E-04	-3.2E-02	-2.4E-02		-7.29E-04	5.2E-01	6.0E-01
-7.21E-04	-3.2E-02	-2.4E-02		-7.21E-04	5.2E-01	6.4E-01
-7.13E-04	-3.2E-02	-2.0E-02		-7.13E-04	5.2E-01	6.0E-01
-7.05E-04	-2.8E-02	-2.4E-02		-7.05E-04	5.6E-01	7.2E-01
-6.97E-04	-2.8E-02	-2.0E-02		-6.97E-04	4.8E-01	6.0E-01
-6.89E-04	-3.2E-02	-2.0E-02		-6.89E-04	5.6E-01	6.8E-01
-6.81E-04	-3.2E-02	-2.0E-02		-6.81E-04	5.6E-01	6.4E-01
-6.73E-04	-3.2E-02	-2.0E-02		-6.73E-04	5.2E-01	6.0E-01
-6.65E-04	-3.2E-02	-2.4E-02		-6.65E-04	5.6E-01	6.4E-01
-6.57E-04	-2.8E-02	-1.6E-02		-6.57E-04	4.8E-01	6.0E-01
-6.49E-04	-3.2E-02	-2.4E-02		-6.49E-04	5.2E-01	6.0E-01
-6.41E-04	-3.6E-02	-2.4E-02		-6.41E-04	5.2E-01	6.4E-01
-6.33E-04	-3.2E-02	-2.4E-02		-6.33E-04	5.6E-01	6.4E-01
-6.25E-04	-2.8E-02	-2.0E-02		-6.25E-04	5.2E-01	6.4E-01
-6.17E-04	-2.8E-02	-2.0E-02		-6.17E-04	5.6E-01	6.4E-01
-6.09E-04	-2.8E-02	-2.4E-02		-6.09E-04	5.2E-01	6.0E-01
-6.01E-04	-2.8E-02	-2.0E-02		-6.01E-04	5.2E-01	6.4E-01
-5.93E-04	-3.2E-02	-2.0E-02		-5.93E-04	5.2E-01	6.0E-01
-5.85E-04	-2.8E-02	-2.0E-02		-5.85E-04	5.2E-01	5.6E-01
-5.77E-04	-3.2E-02	-2.0E-02		-5.77E-04	5.2E-01	6.4E-01
-5.69E-04	-2.8E-02	-2.4E-02		-5.69E-04	5.2E-01	6.0E-01
-5.61E-04	-2.8E-02	-2.0E-02		-5.61E-04	4.8E-01	6.4E-01
-5.53E-04	-2.8E-02	-2.0E-02		-5.53E-04	5.2E-01	5.6E-01
-5.45E-04	-3.6E-02	-2.8E-02		-5.45E-04	4.8E-01	6.4E-01
-5.37E-04	-3.2E-02	-2.4E-02		-5.37E-04	5.2E-01	6.0E-01
-5.29E-04	-2.8E-02	-2.4E-02		-5.29E-04	5.6E-01	6.4E-01
-5.21E-04	-3.2E-02	-2.4E-02		-5.21E-04	5.6E-01	6.4E-01
-5.13E-04	-2.8E-02	-1.6E-02		-5.13E-04	5.6E-01	6.0E-01
-5.05E-04	-3.2E-02	-2.0E-02		-5.05E-04	5.2E-01	6.4E-01
-4.97E-04	-2.8E-02	-1.6E-02		-4.97E-04	5.2E-01	6.4E-01
-4.89E-04	-3.2E-02	-2.0E-02		-4.89E-04	5.2E-01	6.0E-01
-4.81E-04	-3.2E-02	-2.0E-02		-4.81E-04	4.8E-01	5.6E-01
-4.73E-04	-3.2E-02	-2.0E-02		-4.73E-04	5.2E-01	6.4E-01
-4.65E-04	-2.8E-02	-1.6E-02		-4.65E-04	4.8E-01	6.0E-01
-4.57E-04	-3.2E-02	-2.4E-02		-4.57E-04	5.2E-01	6.4E-01
-4.49E-04	-2.8E-02	-1.6E-02		-4.49E-04	5.2E-01	6.0E-01
-4.41E-04	-2.8E-02	-2.0E-02		-4.41E-04	5.2E-01	6.4E-01
-4.33E-04	-2.8E-02	-2.0E-02		-4.33E-04	4.8E-01	6.0E-01
-4.25E-04	-2.8E-02	-2.4E-02		-4.25E-04	5.2E-01	6.0E-01
-4.17E-04	-2.8E-02	-2.0E-02		-4.17E-04	4.8E-01	5.6E-01
-4.09E-04	-3.2E-02	-2.0E-02		-4.09E-04	5.2E-01	5.6E-01
-4.01E-04	-2.8E-02	-2.0E-02		-4.01E-04	4.8E-01	6.0E-01
-3.93E-04	-3.2E-02	-2.4E-02		-3.93E-04	4.8E-01	6.0E-01
-3.85E-04	-2.8E-02	-2.0E-02		-3.85E-04	5.2E-01	5.6E-01
-3.77E-04	-2.4E-02	-1.6E-02		-3.77E-04	5.2E-01	5.6E-01
-3.69E-04	-3.2E-02	-2.0E-02		-3.69E-04	5.2E-01	6.0E-01
-3.61E-04	-3.2E-02	-2.0E-02		-3.61E-04	5.2E-01	6.0E-01
-3.53E-04	-2.8E-02	-2.0E-02		-3.53E-04	5.2E-01	6.4E-01
-3.45E-04	-3.2E-02	-2.4E-02		-3.45E-04	4.8E-01	6.0E-01
-3.37E-04	-3.2E-02	-2.4E-02		-3.37E-04	5.2E-01	6.0E-01
-3.29E-04	-3.2E-02	-2.4E-02		-3.29E-04	4.8E-01	6.4E-01
-3.21E-04	-3.2E-02	-2.4E-02		-3.21E-04	5.2E-01	6.0E-01
-3.13E-04	-3.2E-02	-2.4E-02		-3.13E-04	4.8E-01	6.0E-01
-3.05E-04	-2.8E-02	-2.4E-02		-3.05E-04	5.2E-01	5.6E-01
-2.97E-04	-3.2E-02	-2.4E-02		-2.97E-04	4.4E-01	6.0E-01
-2.89E-04	-3.2E-02	-2.0E-02		-2.89E-04	4.8E-01	5.6E-01
-2.81E-04	-3.2E-02	-2.0E-02		-2.81E-04	4.8E-01	6.0E-01
-2.73E-04	-2.8E-02	-2.4E-02		-2.73E-04	5.2E-01	6.0E-01
-2.65E-04	-3.2E-02	-2.0E-02		-2.65E-04	5.2E-01	6.4E-01
-2.57E-04	-3.2E-02	-2.0E-02		-2.57E-04	5.2E-01	6.4E-01
-2.49E-04	-2.8E-02	-1.6E-02		-2.49E-04	5.2E-01	6.0E-01
-2.41E-04	-2.8E-02	-2.0E-02		-2.41E-04	5.2E-01	6.0E-01
-2.33E-04	-2.8E-02	-2.0E-02		-2.33E-04	4.8E-01	6.0E-01
-2.25E-04	-3.2E-02	-2.0E-02		-2.25E-04	5.2E-01	6.0E-01
-2.17E-04	-2.8E-02	-2.0E-02		-2.17E-04	5.2E-01	6.0E-01
-2.09E-04	-3.2E-02	-2.0E-02		-2.09E-04	5.2E-01	6.0E-01
-2.01E-04	-3.2E-02	-2.4E-02		-2.01E-04	5.2E-01	6.4E-01
-1.93E-04	-2.8E-02	-2.0E-02		-1.93E-04	4.8E-01	6.4E-01
-1.85E-04	-3.6E-02	-2.4E-02		-1.85E-04	5.6E-01	6.8E-01
-1.77E-04	-2.8E-02	-2.4E-02		-1.77E-04	4.8E-01	6.0E-01
-1.69E-04	-2.8E-02	-2.0E-02		-1.69E-04	4.8E-01	6.0E-01
-1.61E-04	-2.8E-02	-1.6E-02		-1.61E-04	4.8E-01	5.6E-01
-1.53E-04	-2.8E-02	-2.0E-02		-1.53E-04	5.2E-01	6.0E-01
-1.45E-04	-2.8E-02	-2.4E-02		-1.45E-04	4.8E-01	6.0E-01
-1.37E-04	-2.8E-02	-2.0E-02		-1.37E-04	5.2E-01	6.0E-01
-1.29E-04	-3.2E-02	-2.4E-02		-1.29E-04	4.8E-01	6.0E-01
-1.21E-04	-3.2E-02	-2.0E-02		-1.21E-04	4.8E-01	6.0E-01
-1.13E-04	-3.2E-02	-2.0E-02		-1.13E-04	4.8E-01	6.0E-01
-1.05E-04	-2.8E-02	-2.0E-02		-1.05E-04	4.8E-01	5.6E-01
-9.7E-05	-3.2E-02	-2.4E-02		-9.7E-05	4.8E-01	5.6E-01
-8.9E-05	-3.6E-02	-2.4E-02		-8.9E-05	5.2E-01	6.0E-01
-8.1E-05	-2.8E-02	-2.0E-02		-8.1E-05	4.8E-01	6.0E-01
-7.3E-05	-2.8E-02	-2.0E-02		-7.3E-05	4.4E-01	5.6E-01
-6.5E-05	-2.8E-02	-2.0E-02		-6.5E-05	5.2E-01	6.4E-01
-5.7E-05	-2.8E-02	-2.0E-02		-5.7E-05	5.2E-01	6.0E-01
-4.9E-05	-2.8E-02	-2.0E-02		-4.9E-05	5.2E-01	6.0E-01
-4.1E-05	-3.2E-02	-2.0E-02		-4.1E-05	5.6E-01	6.0E-01
-3.3E-05	-3.2E-02	-2.4E-02		-3.3E-05	4.8E-01	6.0E-01
-2.5E-05	-2.8E-02	-2.0E-02		-2.5E-05	4.8E-01	6.0E-01
-1.7E-05	-2.8E-02	-2.0E-02		-1.7E-05	4.8E-01	6.4E-01
-9.E-06	-2.8E-02	-2.0E-02		-9.E-06	5.2E-01	6.0E-01
-8.E-07	-2.8E-02	-2.0E-02		-8.E-07	4.8E-01	6.0E-01
